20
0.0 122.1963964660399 95.71831909190149 67.6307748340968 52.82861170705054 67.5541931129777 74.67414876052057 97.31646385181777 108.86326412560524 53.463435253572555 131.35097321051137 131.35097321051137 90.48032918606428 119.08061200053632 132.94561382779378 84.64142879256929 136.15775513908443 143.72899655271783 53.463435253572555 110.6368874431599
122.1963964660399 0.0 121.78348288619328 49.52929989882418 119.6749909639673 133.80463304402576 120.7522387916032 97.15795053355433 142.45280797070933 117.54924097305411 120.61994295345468 106.0174465308659 67.6307748340968 89.7718841259763 97.68106034848087 68.70587399346226 74.67414876052057 92.64171791638901 88.27751442889759 110.6368874431599
95.71831909190149 121.78348288619328 0.0 84.19499156569168 103.20468815906071 80.42477855439711 121.02709470797723 94.61451094762295 121.65663054016619 84.19499156569168 92.38539915261491 62.591564361264076 87.02413519708209 53.463435253572555 105.78658999296745 97.68106034848087 94.61451094762295 87.10667733041966 141.65533744848486 72.2560714297463
67.6307748340968 49.52929989882418 84.19499156569168 0.0 120.7522387916032 81.44676653300189 142.45280797070933 103.20468815906071 110.66680222800841 88.27751442889759 102.46272914432654 110.77536783980786 79.98467136510162 117.54924097305411 118.65218430656104 138.68097753408364 68.70587399346226 82.40029881128075 94.21080841794264 115.7949768528568
52.82861170705054 119.6749909639673 103.20468815906071 120.7522387916032 0.0 87.02413519708209 90.34323773565687 112.70746955822365 141.65533744848486 68.70587399346226 110.8143599914891 90.34323773565687 110.6368874431599 45.03050355399009 106.0174465308659 87.02413519708209 103.38223180850694 108.87385935776506 102.36365025918855 126.3225124542236
67.5541931129777 133.80463304402576 80.42477855439711 81.44676653300189 87.02413519708209 0.0 83.16152129954824 82.27840746643591 93.15094187938328 90.34323773565687 81.44676653300189 97.31646385181777 78.4406672296378 79.98467136510162 102.36365025918855 101.06564033245493 105.33670718495188 68.70587399346226 79.53947693824571 104.31315589518135
74.67414876052057 120.7522387916032 121.02709470797723 142.45280797070933 90.34323773565687 83.16152129954824 0.0 55.26535776961497 141.65533744848486 68.10612536533426 133.80463304402576 115.5999768654659 138.68097753408364 120.71223877113795 53.463435253572555 74.67414876052057 122.92727740408537 80.42477855439711 127.67926654628863 101.41048541609325
97.31646385181777 97.15795053355433 94.61451094762295 103.20468815906071 112.70746955822365 82.27840746643591 55.26535776961497 0.0 144.17600634395103 132.0604122874547 142.45280797070933 107.36654544583395 81.44676653300189 90.34323773565687 132.0604122874547 115.5999768654659 85.63785539477291 115.26259160407702 112.02081095423416 110.8143599914891
108.86326412560524 142.45280797070933 121.65663054016619 110.66680222800841 141.65533744848486 93.15094187938328 141.65533744848486 144.17600634395103 0.0 82.40029881128075 128.3269932805119 110.66680222800841 80.42477855439711 115.7949768528568 112.02081095423416 82.27840746643591 52.82861170705054 62.591564361264076 103.38223180850694 87.10667733041966
53.463435253572555 117.54924097305411 84.19499156569168 88.27751442889759 68.70587399346226 90.34323773565687 68.10612536533426 132.0604122874547 82.40029881128075 0.0 121.32179870431501 68.70587399346226 138.26255544883972 47.47069355866987 110.66680222800841 117.90931923083866 133.80463304402576 71.99447715162671 94.21633712615686 82.27840746643591
131.35097321051137 120.61994295345468 92.38539915261491 102.46272914432654 110.8143599914891 81.44676653300189 133.80463304402576 142.45280797070933 128.3269932805119 121.32179870431501 0.0 144.17600634395103 66.14203864347535 47.47069355866987 84.64142879256929 128.3269932805119 72.2560714297463 108.87385935776506 112.02081095423416 84.82880497537823
131.35097321051137 106.0174465308659 62.591564361264076 110.77536783980786 90.34323773565687 97.31646385181777 115.5999768654659 107.36654544583395 110.66680222800841 68.70587399346226 144.17600634395103 0.0 117.90931923083866 99.29059200669694 120.61994295345468 130.11098472326736 71.99447715162671 119.6749909639673 85.63785539477291 82.27840746643591
90.48032918606428 67.6307748340968 87.02413519708209 79.98467136510162 110.6368874431599 78.4406672296378 138.68097753408364 81.44676653300189 80.42477855439711 138.26255544883972 66.14203864347535 117.90931923083866 0.0 115.7949768528568 99.29059200669694 110.6368874431599 53.463435253572555 70.33344993706434 71.99447715162671 82.40029881128075
119.08061200053632 89.7718841259763 53.463435253572555 117.54924097305411 45.03050355399009 79.98467136510162 120.71223877113795 90.34323773565687 115.7949768528568 47.47069355866987 47.47069355866987 99.29059200669694 115.7949768528568 0.0 84.64142879256929 93.23746503511757 71.99447715162671 143.72899655271783 71.99447715162671 102.46272914432654
132.94561382779378 97.68106034848087 105.78658999296745 118.65218430656104 106.0174465308659 102.36365025918855 53.463435253572555 132.0604122874547 112.02081095423416 110.66680222800841 84.64142879256929 120.61994295345468 99.29059200669694 84.64142879256929 0.0 71.11498168693512 112.02081095423416 102.46272914432654 74.67414876052057 156.13319772256563
84.64142879256929 68.70587399346226 97.68106034848087 138.68097753408364 87.02413519708209 101.06564033245493 74.67414876052057 115.5999768654659 82.27840746643591 117.90931923083866 128.3269932805119 130.11098472326736 110.6368874431599 93.23746503511757 71.11498168693512 0.0 130.11098472326736 107.36654544583395 97.31646385181777 67.5541931129777
136.15775513908443 74.67414876052057 94.61451094762295 68.70587399346226 103.38223180850694 105.33670718495188 122.92727740408537 85.63785539477291 52.82861170705054 133.80463304402576 72.2560714297463 71.99447715162671 53.463435253572555 71.99447715162671 112.02081095423416 130.11098472326736 0.0 140.87403778895265 102.36365025918855 122.92727740408537
143.72899655271783 92.64171791638901 87.10667733041966 82.40029881128075 108.87385935776506 68.70587399346226 80.42477855439711 115.26259160407702 62.591564361264076 71.99447715162671 108.87385935776506 119.6749909639673 70.33344993706434 143.72899655271783 102.46272914432654 107.36654544583395 140.87403778895265 0.0 97.68106034848087 82.40029881128075
53.463435253572555 88.27751442889759 141.65533744848486 94.21080841794264 102.36365025918855 79.53947693824571 127.67926654628863 112.02081095423416 103.38223180850694 94.21633712615686 112.02081095423416 85.63785539477291 71.99447715162671 71.99447715162671 74.67414876052057 97.31646385181777 102.36365025918855 97.68106034848087 0.0 70.33344993706434
110.6368874431599 110.6368874431599 72.2560714297463 115.7949768528568 126.3225124542236 104.31315589518135 101.41048541609325 110.8143599914891 87.10667733041966 82.27840746643591 84.82880497537823 82.27840746643591 82.40029881128075 102.46272914432654 156.13319772256563 67.5541931129777 122.92727740408537 82.40029881128075 70.33344993706434 0.0
