20
0.0 52.529006214459145 105.46190964026866 89.84002688503159 86.06292943461025 106.78933002094983 101.26865807339334 97.65682089541787 105.94519965551125 73.62959700658296 127.07323257756413 86.06292943461025 95.21347645418305 56.928154898587344 107.66500858333278 153.16761676707634 106.06788344839673 109.81547071499968 125.59965349492188 76.51825916173203
52.529006214459145 0.0 18.831119516916516 92.89184688422431 113.62034879130468 86.06292943461025 137.4813420739485 127.70204459295337 82.80143334013813 95.37175844981849 116.56988145857521 100.02228717942431 117.42952343381246 93.44305561672734 124.76893939917554 133.1871045329313 30.20183361586777 72.52827458552818 124.76893939917554 107.66500858333278
105.46190964026866 18.831119516916516 0.0 56.928154898587344 131.2755646003933 153.16761676707634 123.4742732653197 73.62959700658296 94.69903343254214 94.0380618800367 144.27404615622692 124.4327914471069 113.62034879130468 99.23191575565403 94.55436492782894 100.8317388261621 91.48695349547557 80.30074317842362 118.05228659670757 112.06797205450614
89.84002688503159 92.89184688422431 56.928154898587344 0.0 97.65682089541787 112.975694549553 82.80143334013813 89.1539362864143 94.25447158974374 87.10501755729555 80.86883036038745 89.94222899276973 94.69903343254214 124.028251105836 94.69903343254214 75.21326068778035 127.07323257756413 91.48695349547557 73.62959700658296 99.77886750847945
86.06292943461025 113.62034879130468 131.2755646003933 97.65682089541787 0.0 94.55436492782894 82.6526698309464 125.57187115555247 115.87586782819005 118.51260665353325 105.38521346105406 87.10501755729555 68.21326270348732 112.06797205450614 92.89184688422431 137.92341490318157 99.56737918950135 89.94222899276973 133.42078614875084 130.91816536933146
106.78933002094983 86.06292943461025 153.16761676707634 112.975694549553 94.55436492782894 0.0 109.41149452425978 73.04531317805984 108.2059876896118 118.51260665353325 104.00040602913681 99.23191575565403 119.00777902277272 73.04531317805984 124.01764389154363 110.29920624516748 112.975694549553 53.7165382595722 105.94519965551125 126.73062989754665
101.26865807339334 137.4813420739485 123.4742732653197 82.80143334013813 82.6526698309464 109.41149452425978 0.0 93.44305561672734 18.831119516916516 56.928154898587344 100.02228717942431 56.928154898587344 153.16761676707634 82.80143334013813 123.35754249700875 110.48789069678634 126.29553267933152 90.18510703906914 100.02228717942431 109.41149452425978
97.65682089541787 127.70204459295337 73.62959700658296 89.1539362864143 125.57187115555247 73.04531317805984 93.44305561672734 0.0 87.10501755729555 82.80143334013813 106.06788344839673 94.46634880323714 74.95905682340619 124.76893939917554 89.94222899276973 95.46637257055448 130.91816536933146 86.41577169390268 97.88935107769662 121.92811503782573
105.94519965551125 82.80143334013813 94.69903343254214 94.25447158974374 115.87586782819005 108.2059876896118 18.831119516916516 87.10501755729555 0.0 113.23242051421846 105.46190964026866 124.76893939917554 52.529006214459145 135.06755231960688 118.51260665353325 73.04531317805984 112.975694549553 123.4742732653197 124.028251105836 94.46634880323714
73.62959700658296 95.37175844981849 94.0380618800367 87.10501755729555 118.51260665353325 118.51260665353325 56.928154898587344 82.80143334013813 113.23242051421846 0.0 76.51825916173203 136.93819775701152 119.00777902277272 116.76063583649857 76.51825916173203 115.87586782819005 100.65973611157293 107.66500858333278 73.04531317805984 100.8317388261621
127.07323257756413 116.56988145857521 144.27404615622692 80.86883036038745 105.38521346105406 104.00040602913681 100.02228717942431 106.06788344839673 105.46190964026866 76.51825916173203 0.0 97.65682089541787 95.46637257055448 89.1539362864143 92.89184688422431 90.18510703906914 99.77886750847945 94.46634880323714 97.88935107769662 106.29003596762008
86.06292943461025 100.02228717942431 124.4327914471069 89.94222899276973 87.10501755729555 99.23191575565403 56.928154898587344 94.46634880323714 124.76893939917554 136.93819775701152 97.65682089541787 0.0 123.0659089134591 125.86388625860798 109.41149452425978 123.4742732653197 112.99687934743864 73.62959700658296 124.028251105836 110.48789069678634
95.21347645418305 117.42952343381246 113.62034879130468 94.69903343254214 68.21326270348732 119.00777902277272 153.16761676707634 74.95905682340619 52.529006214459145 119.00777902277272 95.46637257055448 123.0659089134591 0.0 95.46637257055448 124.4327914471069 71.88766376589332 136.93819775701152 112.99687934743864 70.4895885785601 116.44680881460783
56.928154898587344 93.44305561672734 99.23191575565403 124.028251105836 112.06797205450614 73.04531317805984 82.80143334013813 124.76893939917554 135.06755231960688 116.76063583649857 89.1539362864143 125.86388625860798 95.46637257055448 0.0 94.0380618800367 99.56737918950135 123.0659089134591 70.4895885785601 104.00040602913681 112.06797205450614
107.66500858333278 124.76893939917554 94.55436492782894 94.69903343254214 92.89184688422431 124.01764389154363 123.35754249700875 89.94222899276973 118.51260665353325 76.51825916173203 92.89184688422431 109.41149452425978 124.4327914471069 94.0380618800367 0.0 90.99381583768154 124.01764389154363 127.70204459295337 153.16761676707634 90.99381583768154
153.16761676707634 133.1871045329313 100.8317388261621 75.21326068778035 137.92341490318157 110.29920624516748 110.48789069678634 95.46637257055448 73.04531317805984 115.87586782819005 90.18510703906914 123.4742732653197 71.88766376589332 99.56737918950135 90.99381583768154 0.0 135.08711207686198 105.94519965551125 101.26865807339334 153.16761676707634
106.06788344839673 30.20183361586777 91.48695349547557 127.07323257756413 99.56737918950135 112.975694549553 126.29553267933152 130.91816536933146 112.975694549553 100.65973611157293 99.77886750847945 112.99687934743864 136.93819775701152 123.0659089134591 124.01764389154363 135.08711207686198 0.0 46.928972109980194 95.46637257055448 90.99381583768154
109.81547071499968 72.52827458552818 80.30074317842362 91.48695349547557 89.94222899276973 53.7165382595722 90.18510703906914 86.41577169390268 123.4742732653197 107.66500858333278 94.46634880323714 73.62959700658296 112.99687934743864 70.4895885785601 127.70204459295337 105.94519965551125 46.928972109980194 0.0 115.87586782819005 110.6132406498154
125.59965349492188 124.76893939917554 118.05228659670757 73.62959700658296 133.42078614875084 105.94519965551125 100.02228717942431 97.88935107769662 124.028251105836 73.04531317805984 97.88935107769662 124.028251105836 70.4895885785601 104.00040602913681 153.16761676707634 101.26865807339334 95.46637257055448 115.87586782819005 0.0 112.06797205450614
76.51825916173203 107.66500858333278 112.06797205450614 99.77886750847945 130.91816536933146 126.73062989754665 109.41149452425978 121.92811503782573 94.46634880323714 100.8317388261621 106.29003596762008 110.48789069678634 116.44680881460783 112.06797205450614 90.99381583768154 153.16761676707634 90.99381583768154 110.6132406498154 112.06797205450614 0.0
