20
0.0 98.88326384138416 106.53662193487295 105.5461479750003 102.93000843012777 104.18885376780335 101.85364486778433 99.46373351758663 97.89374935643806 87.04298047265337 95.65406529454388 98.02236247569145 104.31426451726415 99.47356660009167 97.73123664629065 94.34231148413537 97.53093880638386 98.92453500771914 93.2417584972955 93.2417584972955
98.88326384138416 0.0 87.04298047265337 104.63822990330006 106.83296246963278 100.41846802939237 108.72323431695837 104.18885376780335 107.56450795380803 105.99557593401488 95.65406529454388 96.29492688484264 109.16330685133269 100.64262527315584 90.7203359979855 95.65406529454388 91.96221688787998 95.36298080714842 93.87113959745355 86.64169850154167
106.53662193487295 87.04298047265337 0.0 100.72634064172863 92.84974871723453 99.98850529969904 105.09567115852535 102.14330974299271 104.93276236793918 102.22125458258913 104.63822990330006 110.35328700820142 98.74764890211591 97.5059440453663 94.44876013670235 100.62631646889342 98.92453500771914 106.72101650854115 99.85898841716028 101.60957255223707
105.5461479750003 104.63822990330006 100.72634064172863 0.0 99.04008454732562 97.89374935643806 101.83480654183455 91.5326792772277 104.31426451726415 98.02236247569145 93.51428804614191 91.5326792772277 94.44876013670235 93.63749663317031 109.87578872129347 100.64262527315584 98.8806532186213 98.38433561735285 100.08509792184992 97.6856702174201
102.93000843012777 106.83296246963278 92.84974871723453 99.04008454732562 0.0 108.40548871197369 104.72725822411789 108.72323431695837 98.74764890211591 102.94158579597119 93.63749663317031 98.78145515923666 103.4379758034841 94.44247670431534 101.02581673779268 99.71059017173052 84.88793283266645 102.59207038480449 92.84974871723453 97.25228812575834
104.18885376780335 100.41846802939237 99.98850529969904 97.89374935643806 108.40548871197369 0.0 98.12253538669565 111.32974359657177 106.81489762522745 104.72725822411789 98.59958246345691 106.86966101985617 98.38433561735285 103.98702550359904 93.87113959745355 102.35496988623154 86.64169850154167 86.09998328290166 93.51428804614191 102.22125458258913
101.85364486778433 108.72323431695837 105.09567115852535 101.83480654183455 104.72725822411789 98.12253538669565 0.0 103.43415152539757 93.56383168965554 111.32974359657177 103.4379758034841 96.70234204622834 99.942393183805 106.86966101985617 95.91755448459561 94.44247670431534 105.09567115852535 100.72634064172863 101.83480654183455 99.98850529969904
99.46373351758663 104.18885376780335 102.14330974299271 91.5326792772277 108.72323431695837 111.32974359657177 103.43415152539757 0.0 104.18885376780335 96.97724952497698 102.66444667229658 94.92606291861534 98.72843884080724 105.32120982222187 98.68627146759998 95.91755448459561 94.92606291861534 104.72725822411789 97.25228812575834 91.96221688787998
97.89374935643806 107.56450795380803 104.93276236793918 104.31426451726415 98.74764890211591 106.81489762522745 93.56383168965554 104.18885376780335 0.0 98.59958246345691 106.83296246963278 103.98702550359904 103.43415152539757 100.94175870067757 96.10302256000702 98.72843884080724 93.51428804614191 96.22073672891946 97.21825647674044 111.40720917281423
87.04298047265337 105.99557593401488 102.22125458258913 98.02236247569145 102.94158579597119 104.72725822411789 111.32974359657177 96.97724952497698 98.59958246345691 0.0 98.38433561735285 102.14330974299271 90.7203359979855 98.02236247569145 102.66444667229658 99.50705474907724 95.91755448459561 103.21917518073884 98.53943944467456 104.31426451726415
95.65406529454388 95.65406529454388 104.63822990330006 93.51428804614191 93.63749663317031 98.59958246345691 103.4379758034841 102.66444667229658 106.83296246963278 98.38433561735285 0.0 96.22073672891946 106.53662193487295 91.56297638642542 105.99557593401488 98.12253538669565 97.89374935643806 104.63822990330006 91.56297638642542 94.92606291861534
98.02236247569145 96.29492688484264 110.35328700820142 91.5326792772277 98.78145515923666 106.86966101985617 96.70234204622834 94.92606291861534 103.98702550359904 102.14330974299271 96.22073672891946 0.0 86.09998328290166 95.36298080714842 97.5059440453663 94.44876013670235 104.72725822411789 105.09567115852535 99.47356660009167 96.10302256000702
104.31426451726415 109.16330685133269 98.74764890211591 94.44876013670235 103.4379758034841 98.38433561735285 99.942393183805 98.72843884080724 103.43415152539757 90.7203359979855 106.53662193487295 86.09998328290166 0.0 102.55668674837271 98.78145515923666 104.63822990330006 101.85364486778433 99.50705474907724 99.46373351758663 109.87578872129347
99.47356660009167 100.64262527315584 97.5059440453663 93.63749663317031 94.44247670431534 103.98702550359904 106.86966101985617 105.32120982222187 100.94175870067757 98.02236247569145 91.56297638642542 95.36298080714842 102.55668674837271 0.0 102.24862568084657 102.59207038480449 86.64169850154167 102.24862568084657 97.25228812575834 110.35328700820142
97.73123664629065 90.7203359979855 94.44876013670235 109.87578872129347 101.02581673779268 93.87113959745355 95.91755448459561 98.68627146759998 96.10302256000702 102.66444667229658 105.99557593401488 97.5059440453663 98.78145515923666 102.24862568084657 0.0 94.34231148413537 93.56383168965554 99.71059017173052 93.9112182048287 99.942393183805
94.34231148413537 95.65406529454388 100.62631646889342 100.64262527315584 99.71059017173052 102.35496988623154 94.44247670431534 95.91755448459561 98.72843884080724 99.50705474907724 98.12253538669565 94.44876013670235 104.63822990330006 102.59207038480449 94.34231148413537 0.0 101.02581673779268 97.32379533131754 106.83296246963278 100.64262527315584
97.53093880638386 91.96221688787998 98.92453500771914 98.8806532186213 84.88793283266645 86.64169850154167 105.09567115852535 94.92606291861534 93.51428804614191 95.91755448459561 97.89374935643806 104.72725822411789 101.85364486778433 86.64169850154167 93.56383168965554 101.02581673779268 0.0 104.63822990330006 102.14330974299271 97.53093880638386
98.92453500771914 95.36298080714842 106.72101650854115 98.38433561735285 102.59207038480449 86.09998328290166 100.72634064172863 104.72725822411789 96.22073672891946 103.21917518073884 104.63822990330006 105.09567115852535 99.50705474907724 102.24862568084657 99.71059017173052 97.32379533131754 104.63822990330006 0.0 109.16330685133269 102.59207038480449
93.2417584972955 93.87113959745355 99.85898841716028 100.08509792184992 92.84974871723453 93.51428804614191 101.83480654183455 97.25228812575834 97.21825647674044 98.53943944467456 91.56297638642542 99.47356660009167 99.46373351758663 97.25228812575834 93.9112182048287 106.83296246963278 102.14330974299271 109.16330685133269 0.0 111.40720917281423
93.2417584972955 86.64169850154167 101.60957255223707 97.6856702174201 97.25228812575834 102.22125458258913 99.98850529969904 91.96221688787998 111.40720917281423 104.31426451726415 94.92606291861534 96.10302256000702 109.87578872129347 110.35328700820142 99.942393183805 100.64262527315584 97.53093880638386 102.59207038480449 111.40720917281423 0.0
