20
0.0 102.71458421955012 102.99199536493387 100.97141225656141 98.88173771223975 103.11362555334844 102.91224166800038 97.49556172471442 99.57614538238823 99.57905509065345 104.82830643939405 90.24786558253099 95.9584961244085 100.2507485288049 100.69912443965322 93.083845986464 99.91987499556107 108.54891038992056 92.75970030525066 100.69912443965322
102.71458421955012 0.0 102.7984248841833 105.78365113889907 92.83354797315044 104.55261105144005 91.21110992005033 95.9723516002608 97.37023971408964 92.20157898081828 102.35706293964317 94.88530717219916 99.91987499556107 100.97880765034591 101.60110036309008 103.36420790761163 100.11884499620153 105.34387286037814 103.11362555334844 104.17092353640975
102.99199536493387 102.7984248841833 0.0 95.13448820906144 98.88173771223975 100.77287197523246 90.58344110698427 106.61272177901871 107.52984984766137 100.97141225656141 100.65256787601892 92.20157898081828 99.12024319088628 100.2507485288049 99.27358112644208 95.9584961244085 100.9338970995699 97.26643828543781 100.97436593543672 96.23998416487152
100.97141225656141 105.78365113889907 95.13448820906144 0.0 93.99276520930465 91.21110992005033 109.43555710132485 97.12581217752532 100.9338970995699 98.25967996202077 105.78365113889907 100.89724550537983 104.17092353640975 90.24786558253099 98.41903735828626 102.38004532033453 92.13811876087114 99.27363682409954 108.76349225389356 107.52984984766137
98.88173771223975 92.83354797315044 98.88173771223975 93.99276520930465 0.0 107.49294600000596 91.21110992005033 109.43555710132485 95.39697277687463 105.34387286037814 103.13795186979294 99.8290217973336 100.21590946627296 102.7564680821292 99.3939848253531 95.9723516002608 110.28950984522473 96.23998416487152 101.10736583150775 100.97880765034591
103.11362555334844 104.55261105144005 100.77287197523246 91.21110992005033 107.49294600000596 0.0 100.2507485288049 102.38004532033453 89.76437314226172 105.9229397597208 93.52776458166086 105.00391460046342 98.18203687614478 90.58344110698427 100.89724550537983 106.42798615445895 110.28950984522473 97.63574120346999 102.0906591249333 102.64385212200506
102.91224166800038 91.21110992005033 90.58344110698427 109.43555710132485 91.21110992005033 100.2507485288049 0.0 104.17092353640975 105.34387286037814 90.24786558253099 102.23074426141244 101.32556404338753 100.77287197523246 100.89724550537983 102.38004532033453 102.64385212200506 109.43555710132485 98.25967996202077 98.41903735828626 99.27363682409954
97.49556172471442 95.9723516002608 106.61272177901871 97.12581217752532 109.43555710132485 102.38004532033453 104.17092353640975 0.0 105.60875381291385 100.11884499620153 105.60875381291385 102.23074426141244 96.86481700564671 100.97141225656141 100.97880765034591 101.54183712949116 96.84785400814171 104.55261105144005 90.24786558253099 100.42443275291652
99.57614538238823 97.37023971408964 107.52984984766137 100.9338970995699 95.39697277687463 89.76437314226172 105.34387286037814 105.60875381291385 0.0 109.1644164546287 103.6422373422002 102.23074426141244 99.57905509065345 109.91948646865707 102.6926344249731 100.97436593543672 102.61956223773832 97.31074742066576 102.26278270526228 92.89173167159728
99.57905509065345 92.20157898081828 100.97141225656141 98.25967996202077 105.34387286037814 105.9229397597208 90.24786558253099 100.11884499620153 109.1644164546287 0.0 102.99199536493387 103.85025900930873 100.65256787601892 99.91987499556107 92.20157898081828 94.3997264068826 93.99276520930465 106.61272177901871 97.37023971408964 107.49294600000596
104.82830643939405 102.35706293964317 100.65256787601892 105.78365113889907 103.13795186979294 93.52776458166086 102.23074426141244 105.60875381291385 103.6422373422002 102.99199536493387 0.0 103.6422373422002 103.6422373422002 98.18203687614478 88.4486945097069 100.97880765034591 106.61272177901871 102.71458421955012 93.52776458166086 101.54183712949116
90.24786558253099 94.88530717219916 92.20157898081828 100.89724550537983 99.8290217973336 105.00391460046342 101.32556404338753 102.23074426141244 102.23074426141244 103.85025900930873 103.6422373422002 0.0 99.3939848253531 95.9584961244085 109.43555710132485 107.49294600000596 95.9584961244085 103.13795186979294 105.78365113889907 99.3939848253531
95.9584961244085 99.91987499556107 99.12024319088628 104.17092353640975 100.21590946627296 98.18203687614478 100.77287197523246 96.86481700564671 99.57905509065345 100.65256787601892 103.6422373422002 99.3939848253531 0.0 99.91987499556107 99.12024319088628 102.23074426141244 100.88676353646176 102.61956223773832 102.91224166800038 97.12581217752532
100.2507485288049 100.97880765034591 100.2507485288049 90.24786558253099 102.7564680821292 90.58344110698427 100.89724550537983 100.97141225656141 109.91948646865707 99.91987499556107 98.18203687614478 95.9584961244085 99.91987499556107 0.0 101.61822888022927 108.54891038992056 99.84294434346694 95.9723516002608 101.32556404338753 103.6422373422002
100.69912443965322 101.60110036309008 99.27358112644208 98.41903735828626 99.3939848253531 100.89724550537983 102.38004532033453 100.97880765034591 102.6926344249731 92.20157898081828 88.4486945097069 109.43555710132485 99.12024319088628 101.61822888022927 0.0 98.18203687614478 95.9723516002608 103.5479486681276 101.54183712949116 96.84785400814171
93.083845986464 103.36420790761163 95.9584961244085 102.38004532033453 95.9723516002608 106.42798615445895 102.64385212200506 101.54183712949116 100.97436593543672 94.3997264068826 100.97880765034591 107.49294600000596 102.23074426141244 108.54891038992056 98.18203687614478 0.0 108.54891038992056 106.39258036626158 109.08143482883011 99.91987499556107
99.91987499556107 100.11884499620153 100.9338970995699 92.13811876087114 110.28950984522473 110.28950984522473 109.43555710132485 96.84785400814171 102.61956223773832 93.99276520930465 106.61272177901871 95.9584961244085 100.88676353646176 99.84294434346694 95.9723516002608 108.54891038992056 0.0 104.55819454427008 100.97436593543672 106.20812767170877
108.54891038992056 105.34387286037814 97.26643828543781 99.27363682409954 96.23998416487152 97.63574120346999 98.25967996202077 104.55261105144005 97.31074742066576 106.61272177901871 102.71458421955012 103.13795186979294 102.61956223773832 95.9723516002608 103.5479486681276 106.39258036626158 104.55819454427008 0.0 98.88173771223975 105.34387286037814
92.75970030525066 103.11362555334844 100.97436593543672 108.76349225389356 101.10736583150775 102.0906591249333 98.41903735828626 90.24786558253099 102.26278270526228 97.37023971408964 93.52776458166086 105.78365113889907 102.91224166800038 101.32556404338753 101.54183712949116 109.08143482883011 100.97436593543672 98.88173771223975 0.0 97.37023971408964
100.69912443965322 104.17092353640975 96.23998416487152 107.52984984766137 100.97880765034591 102.64385212200506 99.27363682409954 100.42443275291652 92.89173167159728 107.49294600000596 101.54183712949116 99.3939848253531 97.12581217752532 103.6422373422002 96.84785400814171 99.91987499556107 106.20812767170877 105.34387286037814 97.37023971408964 0.0
