20
0.0 109.68949289032089 109.68949289032089 94.84198075273899 100.20712097104618 107.31747638113333 94.27371361168896 99.08738934541688 100.89573109268318 101.63436371740397 95.84649418443436 100.76568888672341 94.58529539206542 86.0403964858414 100.89573109268318 104.07853466007218 102.24600591692854 100.76568888672341 94.56953408749187 112.98713764903813
109.68949289032089 0.0 103.78662941564335 108.38415226656939 100.19717242886098 93.82032041508316 101.07162299081814 101.74191138421847 102.64992556770196 98.3844800241646 92.98416286546177 100.28748809975507 105.28703901516646 99.08738934541688 96.74752233688031 99.1165787485548 101.07162299081814 107.33046125737052 97.61290024553153 96.1871153251822
109.68949289032089 103.78662941564335 0.0 94.01980228732056 94.72889960979204 99.93238980871443 94.58529539206542 105.63660154451651 105.18650618979375 100.29281101983041 103.65245049526986 94.27371361168896 104.07853466007218 96.44496301918964 102.64992556770196 97.4169971060282 99.05376063686063 93.72130331949701 90.77831036648934 99.05376063686063
94.84198075273899 108.38415226656939 94.01980228732056 0.0 86.0403964858414 96.44496301918964 101.50932948187022 97.77057760173601 98.79112880575676 102.00382830263919 102.38711032844122 105.77679172022306 98.3844800241646 106.25080977459743 94.20695925738512 103.43495579014746 102.24550934521467 108.82433975621257 96.86767480608304 97.42614764305823
100.20712097104618 100.19717242886098 94.72889960979204 86.0403964858414 0.0 99.24486377542846 102.9652331497963 96.74752233688031 99.93238980871443 105.63660154451651 108.38415226656939 98.15654345567896 96.05563930034164 94.84198075273899 99.1165787485548 97.4169971060282 112.98713764903813 92.98416286546177 105.28703901516646 100.89573109268318
107.31747638113333 93.82032041508316 99.93238980871443 96.44496301918964 99.24486377542846 0.0 99.51817899799623 94.01980228732056 98.39184493187771 98.65420467010146 100.46661392755553 98.39184493187771 105.28703901516646 95.84649418443436 97.7541942736698 103.65245049526986 98.79112880575676 94.58529539206542 97.07814888803533 103.65245049526986
94.27371361168896 101.07162299081814 94.58529539206542 101.50932948187022 102.9652331497963 99.51817899799623 0.0 96.44496301918964 98.65420467010146 93.72130331949701 97.61290024553153 96.77433606835805 101.99334239845442 101.50932948187022 91.20648607467723 92.693673211671 98.79234389072863 88.34448264650744 108.82433975621257 94.58529539206542
99.08738934541688 101.74191138421847 105.63660154451651 97.77057760173601 96.74752233688031 94.01980228732056 96.44496301918964 0.0 96.1871153251822 107.27574866702315 100.62561172351086 98.5923281956697 95.92404186733054 99.93238980871443 102.9652331497963 102.24600591692854 99.08738934541688 101.99334239845442 100.28748809975507 105.0834185269597
100.89573109268318 102.64992556770196 105.18650618979375 98.79112880575676 99.93238980871443 98.39184493187771 98.65420467010146 96.1871153251822 0.0 103.63776440418776 97.6230226505699 95.92404186733054 99.56848506865175 92.98416286546177 95.51434195649645 94.20695925738512 93.82032041508316 97.96709796548458 96.74752233688031 104.05485295998261
101.63436371740397 98.3844800241646 100.29281101983041 102.00382830263919 105.63660154451651 98.65420467010146 93.72130331949701 107.27574866702315 103.63776440418776 0.0 95.51434195649645 101.50906033021843 92.693673211671 102.38711032844122 98.39184493187771 96.77433606835805 104.05485295998261 100.7277185846578 101.50932948187022 101.16036215556598
95.84649418443436 92.98416286546177 103.65245049526986 102.38711032844122 108.38415226656939 100.46661392755553 97.61290024553153 100.62561172351086 97.6230226505699 95.51434195649645 0.0 101.66838955097369 88.34448264650744 100.62561172351086 98.3844800241646 103.78662941564335 101.99334239845442 99.24486377542846 101.66838955097369 97.6230226505699
100.76568888672341 100.28748809975507 94.27371361168896 105.77679172022306 98.15654345567896 98.39184493187771 96.77433606835805 98.5923281956697 95.92404186733054 101.50906033021843 101.66838955097369 0.0 99.51817899799623 102.64992556770196 90.77831036648934 102.96194061187204 97.07814888803533 96.1871153251822 107.31747638113333 102.05348080086836
94.58529539206542 105.28703901516646 104.07853466007218 98.3844800241646 96.05563930034164 105.28703901516646 101.99334239845442 95.92404186733054 99.56848506865175 92.693673211671 88.34448264650744 99.51817899799623 0.0 102.24550934521467 97.13736234160802 96.28386047931579 100.20712097104618 105.18650618979375 97.61290024553153 99.93238980871443
86.0403964858414 99.08738934541688 96.44496301918964 106.25080977459743 94.84198075273899 95.84649418443436 101.50932948187022 99.93238980871443 92.98416286546177 102.38711032844122 100.62561172351086 102.64992556770196 102.24550934521467 0.0 97.77057760173601 94.39772581673141 95.45936651266221 112.98713764903813 98.5923281956697 96.44496301918964
100.89573109268318 96.74752233688031 102.64992556770196 94.20695925738512 99.1165787485548 97.7541942736698 91.20648607467723 102.9652331497963 95.51434195649645 98.39184493187771 98.3844800241646 90.77831036648934 97.13736234160802 97.77057760173601 0.0 99.4963048979906 90.47244397053545 102.38711032844122 102.96194061187204 88.34448264650744
104.07853466007218 99.1165787485548 97.4169971060282 103.43495579014746 97.4169971060282 103.65245049526986 92.693673211671 102.24600591692854 94.20695925738512 96.77433606835805 103.78662941564335 102.96194061187204 96.28386047931579 94.39772581673141 99.4963048979906 0.0 95.27501814774453 98.39184493187771 98.3844800241646 96.13399504591962
102.24600591692854 101.07162299081814 99.05376063686063 102.24550934521467 112.98713764903813 98.79112880575676 98.79234389072863 99.08738934541688 93.82032041508316 104.05485295998261 101.99334239845442 97.07814888803533 100.20712097104618 95.45936651266221 90.47244397053545 95.27501814774453 0.0 97.42614764305823 96.99943629036645 107.27574866702315
100.76568888672341 107.33046125737052 93.72130331949701 108.82433975621257 92.98416286546177 94.58529539206542 88.34448264650744 101.99334239845442 97.96709796548458 100.7277185846578 99.24486377542846 96.1871153251822 105.18650618979375 112.98713764903813 102.38711032844122 98.39184493187771 97.42614764305823 0.0 102.06241835799914 100.7277185846578
94.56953408749187 97.61290024553153 90.77831036648934 96.86767480608304 105.28703901516646 97.07814888803533 108.82433975621257 100.28748809975507 96.74752233688031 101.50932948187022 101.66838955097369 107.31747638113333 97.61290024553153 98.5923281956697 102.96194061187204 98.3844800241646 96.99943629036645 102.06241835799914 0.0 105.18650618979375
112.98713764903813 96.1871153251822 99.05376063686063 97.42614764305823 100.89573109268318 103.65245049526986 94.58529539206542 105.0834185269597 104.05485295998261 101.16036215556598 97.6230226505699 102.05348080086836 99.93238980871443 96.44496301918964 88.34448264650744 96.13399504591962 107.27574866702315 100.7277185846578 105.18650618979375 0.0
