20
0.0 93.72178582735334 106.9492828904693 95.00890224379769 94.66759280986079 99.80629592420772 103.3791848190308 98.79710878468423 94.26475182465126 110.97606779179627 106.24211970238038 100.49503776412195 104.79163424727847 96.96212995478088 93.6010085513268 104.26426482414344 94.58247934960943 103.84747974250118 99.0327125764209 96.55530735468314
93.72178582735334 0.0 90.1543180999044 109.67456990371846 110.4237663267547 93.98037647749695 102.2636872099032 101.39960775577009 103.44852999257317 94.66214556496344 94.26475182465126 96.98253856878377 97.98648559260484 102.2636872099032 103.44852999257317 110.97606779179627 105.6759198997448 97.78339600579761 99.32481595993812 95.36916568420787
106.9492828904693 90.1543180999044 0.0 102.63570770431483 108.79583699604461 97.98648559260484 114.11664094856496 95.36916568420787 109.67456990371846 97.60332177971237 93.6010085513268 102.66803607922847 100.49503776412195 94.66214556496344 102.14487806686421 100.20768916546429 94.57070184740721 105.22223418271437 98.96722522145082 94.26475182465126
95.00890224379769 109.67456990371846 102.63570770431483 0.0 96.74586700124155 103.71334930450128 103.33746113277779 99.62553041825764 94.66759280986079 100.81093069450986 95.85656952202694 99.72236828440882 106.9492828904693 95.27737328018826 103.1888016737424 109.67456990371846 110.4237663267547 94.26475182465126 102.14487806686421 96.98253856878377
94.66759280986079 110.4237663267547 108.79583699604461 96.74586700124155 0.0 108.00139072034297 95.27737328018826 102.14487806686421 89.27523350730513 95.68206907308763 103.84747974250118 100.07250308876691 95.00890224379769 97.98648559260484 103.5511714570784 93.6010085513268 89.27523350730513 95.28674454362655 98.35921158552976 102.2636872099032
99.80629592420772 93.98037647749695 97.98648559260484 103.71334930450128 108.00139072034297 0.0 99.80629592420772 100.49503776412195 95.40583840345839 94.0271159106337 98.96722522145082 104.85878037912447 93.6010085513268 103.74207113361221 97.09623826976583 104.41183272766779 106.88940126208841 93.71163207841792 96.96212995478088 104.37388243633453
103.3791848190308 102.2636872099032 114.11664094856496 103.33746113277779 95.27737328018826 99.80629592420772 0.0 102.0442711526351 97.34631944438749 103.33746113277779 93.98037647749695 104.41183272766779 100.20768916546429 98.93672255256361 94.57070184740721 96.98253856878377 100.07871967804323 94.0271159106337 106.71390477667194 106.24211970238038
98.79710878468423 101.39960775577009 95.36916568420787 99.62553041825764 102.14487806686421 100.49503776412195 102.0442711526351 0.0 97.98648559260484 95.48007252773182 89.27523350730513 95.68206907308763 94.26475182465126 98.78758575925204 98.16575647597186 98.302621468104 99.05148904812377 95.02516320182148 104.37388243633453 94.0271159106337
94.26475182465126 103.44852999257317 109.67456990371846 94.66759280986079 89.27523350730513 95.40583840345839 97.34631944438749 97.98648559260484 0.0 104.14221955008263 103.33746113277779 96.52407223233456 98.302621468104 98.01026140680058 99.07602595451249 108.3768805639158 94.58247934960943 104.26426482414344 104.79163424727847 94.37419532583968
110.97606779179627 94.66214556496344 97.60332177971237 100.81093069450986 95.68206907308763 94.0271159106337 103.33746113277779 95.48007252773182 104.14221955008263 0.0 103.84747974250118 92.24955552182674 99.80629592420772 96.52407223233456 95.48007252773182 95.85656952202694 100.49503776412195 94.92177559815069 114.11664094856496 100.15330671052976
106.24211970238038 94.26475182465126 93.6010085513268 95.85656952202694 103.84747974250118 98.96722522145082 93.98037647749695 89.27523350730513 103.33746113277779 103.84747974250118 0.0 95.68206907308763 103.71334930450128 98.94329905663554 104.61738878421751 91.43450826701024 98.302621468104 104.79163424727847 97.34631944438749 108.00139072034297
100.49503776412195 96.98253856878377 102.66803607922847 99.72236828440882 100.07250308876691 104.85878037912447 104.41183272766779 95.68206907308763 96.52407223233456 92.24955552182674 95.68206907308763 0.0 114.11664094856496 104.14221955008263 103.71334930450128 95.48007252773182 101.39960775577009 107.568236968521 105.71295414980196 101.84082300636776
104.79163424727847 97.98648559260484 100.49503776412195 106.9492828904693 95.00890224379769 93.6010085513268 100.20768916546429 94.26475182465126 98.302621468104 99.80629592420772 103.71334930450128 114.11664094856496 0.0 104.37388243633453 104.80610176973765 109.21343636029482 106.82457688665855 97.98648559260484 94.26475182465126 98.35921158552976
96.96212995478088 102.2636872099032 94.66214556496344 95.27737328018826 97.98648559260484 103.74207113361221 98.93672255256361 98.78758575925204 98.01026140680058 96.52407223233456 98.94329905663554 104.14221955008263 104.37388243633453 0.0 109.67456990371846 97.78339600579761 98.78758575925204 93.71163207841792 96.74586700124155 106.82457688665855
93.6010085513268 103.44852999257317 102.14487806686421 103.1888016737424 103.5511714570784 97.09623826976583 94.57070184740721 98.16575647597186 99.07602595451249 95.48007252773182 104.61738878421751 103.71334930450128 104.80610176973765 109.67456990371846 0.0 99.50728628175234 97.98648559260484 107.75918769256553 104.80610176973765 96.09485459804276
104.26426482414344 110.97606779179627 100.20768916546429 109.67456990371846 93.6010085513268 104.41183272766779 96.98253856878377 98.302621468104 108.3768805639158 95.85656952202694 91.43450826701024 95.48007252773182 109.21343636029482 97.78339600579761 99.50728628175234 0.0 94.66214556496344 98.302621468104 94.37419532583968 95.40583840345839
94.58247934960943 105.6759198997448 94.57070184740721 110.4237663267547 89.27523350730513 106.88940126208841 100.07871967804323 99.05148904812377 94.58247934960943 100.49503776412195 98.302621468104 101.39960775577009 106.82457688665855 98.78758575925204 97.98648559260484 94.66214556496344 0.0 107.568236968521 102.14487806686421 103.84747974250118
103.84747974250118 97.78339600579761 105.22223418271437 94.26475182465126 95.28674454362655 93.71163207841792 94.0271159106337 95.02516320182148 104.26426482414344 94.92177559815069 104.79163424727847 107.568236968521 97.98648559260484 93.71163207841792 107.75918769256553 98.302621468104 107.568236968521 0.0 108.3768805639158 99.62553041825764
99.0327125764209 99.32481595993812 98.96722522145082 102.14487806686421 98.35921158552976 96.96212995478088 106.71390477667194 104.37388243633453 104.79163424727847 114.11664094856496 97.34631944438749 105.71295414980196 94.26475182465126 96.74586700124155 104.80610176973765 94.37419532583968 102.14487806686421 108.3768805639158 0.0 102.14487806686421
96.55530735468314 95.36916568420787 94.26475182465126 96.98253856878377 102.2636872099032 104.37388243633453 106.24211970238038 94.0271159106337 94.37419532583968 100.15330671052976 108.00139072034297 101.84082300636776 98.35921158552976 106.82457688665855 96.09485459804276 95.40583840345839 103.84747974250118 99.62553041825764 102.14487806686421 0.0
