20
0.0 150.03690652599224 102.32243664596291 81.44213907988164 113.86051941465486 107.80587954699857 64.81959908951043 117.05514113632864 122.41800383897257 114.85162086322968 84.91141671105146 54.690773369787784 128.75369680045202 76.7578490882385 112.02334015427196 73.21159994204612 101.06632092527418 85.95402641639163 111.15454805086925 101.06632092527418
150.03690652599224 0.0 65.07000012147088 104.7584668991199 100.58606792632976 114.91273954453976 90.73179566701677 106.29076478875895 100.58606792632976 93.4814569138302 88.90528441449088 114.85162086322968 100.72812213663276 110.16552904511151 121.57471201960644 54.690773369787784 89.0730352310768 162.32074361667307 112.74665303073216 59.07014184302211
102.32243664596291 65.07000012147088 0.0 71.30809474547098 84.73072066184213 81.44213907988164 124.78292436631615 89.0360704660185 121.57471201960644 103.00066533797272 132.47009320343815 64.81959908951043 92.69115419212804 111.759770980289 69.56577718529235 77.20770441206986 110.54375975097659 97.35732313025869 112.76181543584099 147.14487905847858
81.44213907988164 104.7584668991199 71.30809474547098 0.0 81.45323497485126 92.69115419212804 114.91273954453976 134.89281432739915 112.74665303073216 91.29021445999935 102.17143023651387 147.08975055556357 88.90528441449088 127.25064289171635 104.7584668991199 162.32074361667307 136.49530194077283 81.45429054973344 113.41384059210527 102.17143023651387
113.86051941465486 100.58606792632976 84.73072066184213 81.45323497485126 0.0 117.05514113632864 147.14487905847858 73.70866960432201 100.90576347685284 120.59730831827494 90.73179566701677 148.15577793447872 88.54893757542624 76.7578490882385 150.85664560221983 132.0930197232787 105.38236798504063 64.81959908951043 150.03690652599224 115.441380894271
107.80587954699857 114.91273954453976 81.44213907988164 92.69115419212804 117.05514113632864 0.0 115.441380894271 81.45429054973344 67.98073633775633 96.3550718728632 92.69115419212804 67.98073633775633 44.73915780383814 101.06632092527418 89.0360704660185 150.03690652599224 126.10985451284208 147.08975055556357 92.51862632495717 162.32074361667307
64.81959908951043 90.73179566701677 124.78292436631615 114.91273954453976 147.14487905847858 115.441380894271 0.0 64.81959908951043 156.43080277305586 77.14898586393305 104.99509602048717 88.54893757542624 73.70866960432201 134.89281432739915 89.08262888875859 104.99509602048717 82.62984812479148 162.32074361667307 121.99719791348127 113.03229811272286
117.05514113632864 106.29076478875895 89.0360704660185 134.89281432739915 73.70866960432201 81.45429054973344 64.81959908951043 0.0 136.49530194077283 147.8074570119863 92.51862632495717 156.43080277305586 125.31899964058813 77.85011597808911 111.759770980289 69.56577718529235 89.0360704660185 54.690773369787784 121.99719791348127 92.51862632495717
122.41800383897257 100.58606792632976 121.57471201960644 112.74665303073216 100.90576347685284 67.98073633775633 156.43080277305586 136.49530194077283 0.0 73.21159994204612 106.71154878756371 147.08975055556357 77.11735216120817 77.20770441206986 101.06632092527418 92.69115419212804 52.787402906193805 35.22053368481943 87.21794529614388 44.73915780383814
114.85162086322968 93.4814569138302 103.00066533797272 91.29021445999935 120.59730831827494 96.3550718728632 77.14898586393305 147.8074570119863 73.21159994204612 0.0 121.99719791348127 98.30332585804216 147.8074570119863 73.21159994204612 128.47764857000584 94.5428490971545 107.37063362183306 84.67223885719997 128.75369680045202 136.49530194077283
84.91141671105146 88.90528441449088 132.47009320343815 102.17143023651387 90.73179566701677 92.69115419212804 104.99509602048717 92.51862632495717 106.71154878756371 121.99719791348127 0.0 120.68033282625528 78.9223418738627 89.0730352310768 110.54375975097659 104.7584668991199 107.37063362183306 67.98073633775633 59.07014184302211 44.73915780383814
54.690773369787784 114.85162086322968 64.81959908951043 147.08975055556357 148.15577793447872 67.98073633775633 88.54893757542624 156.43080277305586 147.08975055556357 98.30332585804216 120.68033282625528 0.0 128.75369680045202 77.11735216120817 76.7578490882385 92.51862632495717 136.49530194077283 73.6277282891753 78.9223418738627 111.759770980289
128.75369680045202 100.72812213663276 92.69115419212804 88.90528441449088 88.54893757542624 44.73915780383814 73.70866960432201 125.31899964058813 77.11735216120817 147.8074570119863 78.9223418738627 128.75369680045202 0.0 115.441380894271 77.20770441206986 133.09897048776446 96.3550718728632 96.3550718728632 31.59357919868667 134.5844153640502
76.7578490882385 110.16552904511151 111.759770980289 127.25064289171635 76.7578490882385 101.06632092527418 134.89281432739915 77.85011597808911 77.20770441206986 73.21159994204612 89.0730352310768 77.11735216120817 115.441380894271 0.0 84.91141671105146 150.85664560221983 69.56577718529235 112.02334015427196 132.0930197232787 103.00066533797272
112.02334015427196 121.57471201960644 69.56577718529235 104.7584668991199 150.85664560221983 89.0360704660185 89.08262888875859 111.759770980289 101.06632092527418 128.47764857000584 110.54375975097659 76.7578490882385 77.20770441206986 84.91141671105146 0.0 68.46712071955398 103.00066533797272 92.69115419212804 89.0360704660185 125.98156790442593
73.21159994204612 54.690773369787784 77.20770441206986 162.32074361667307 132.0930197232787 150.03690652599224 104.99509602048717 69.56577718529235 92.69115419212804 94.5428490971545 104.7584668991199 92.51862632495717 133.09897048776446 150.85664560221983 68.46712071955398 0.0 97.3376699783851 117.05514113632864 145.57799033516193 84.91141671105146
101.06632092527418 89.0730352310768 110.54375975097659 136.49530194077283 105.38236798504063 126.10985451284208 82.62984812479148 89.0360704660185 52.787402906193805 107.37063362183306 107.37063362183306 136.49530194077283 96.3550718728632 69.56577718529235 103.00066533797272 97.3376699783851 0.0 73.6277282891753 113.86051941465486 85.95402641639163
85.95402641639163 162.32074361667307 97.35732313025869 81.45429054973344 64.81959908951043 147.08975055556357 162.32074361667307 54.690773369787784 35.22053368481943 84.67223885719997 67.98073633775633 73.6277282891753 96.3550718728632 112.02334015427196 92.69115419212804 117.05514113632864 73.6277282891753 0.0 110.16552904511151 107.80587954699857
111.15454805086925 112.74665303073216 112.76181543584099 113.41384059210527 150.03690652599224 92.51862632495717 121.99719791348127 121.99719791348127 87.21794529614388 128.75369680045202 59.07014184302211 78.9223418738627 31.59357919868667 132.0930197232787 89.0360704660185 145.57799033516193 113.86051941465486 110.16552904511151 0.0 76.7578490882385
101.06632092527418 59.07014184302211 147.14487905847858 102.17143023651387 115.441380894271 162.32074361667307 113.03229811272286 92.51862632495717 44.73915780383814 136.49530194077283 44.73915780383814 111.759770980289 134.5844153640502 103.00066533797272 125.98156790442593 84.91141671105146 85.95402641639163 107.80587954699857 76.7578490882385 0.0
