20
0.0 108.19581821026556 106.93278565941631 91.97069949783832 98.71388347790891 97.75085648390001 97.60120982133427 104.84594780640043 109.33856814587138 95.72837089508681 103.77350205203562 108.04255913504599 107.8080480814431 97.60120982133427 103.77350205203562 105.919822557637 94.33385498464132 97.52717102249909 102.98742660586126 105.01211846154791
108.19581821026556 0.0 90.70627931807596 98.55200947889549 91.16437600186812 97.14613931383568 89.03050563235477 106.08681017042753 96.11270652167109 105.9737983859815 98.67590728036559 101.97500667049528 98.33815904734723 103.91154084716081 90.50844694739567 99.82721961893651 101.22503898786135 98.89803280182358 99.81757578637426 100.63305183057452
106.93278565941631 90.70627931807596 0.0 97.14613931383568 111.32748844806754 96.17175800028359 92.71206111774072 98.51860050049692 99.56166036599238 101.8791792826767 104.32744008839896 101.36916417485038 99.09635839646575 99.68649322964355 94.28160510004042 102.76293066691511 95.1529612421006 101.24387786144364 100.49565601613142 98.51860050049692
91.97069949783832 98.55200947889549 97.14613931383568 0.0 99.68649322964355 101.9174752166893 104.13749081749258 102.26445264512203 98.50765687902214 106.93278565941631 103.23211597953146 98.55200947889549 100.45467582325837 100.45467582325837 89.03050563235477 98.71388347790891 97.38732181236202 97.50390735388767 94.33385498464132 90.50844694739567
98.71388347790891 91.16437600186812 111.32748844806754 99.68649322964355 0.0 92.01789417150141 104.1577029286458 92.42342646698313 102.73462139399354 101.67510364978443 103.11412154168744 100.53849717031548 98.67590728036559 99.68649322964355 99.56166036599238 103.11412154168744 96.12689713621675 108.04255913504599 101.9174752166893 101.66493932482048
97.75085648390001 97.14613931383568 96.17175800028359 101.9174752166893 92.01789417150141 0.0 99.7136049873461 97.59453725953902 99.48499763186858 95.73601286790087 97.90370197206798 102.76293066691511 104.12214290003811 108.59274681621443 102.64454129836834 101.24387786144364 97.60120982133427 98.33815904734723 102.98742660586126 108.05299868995154
97.60120982133427 89.03050563235477 92.71206111774072 104.13749081749258 104.1577029286458 99.7136049873461 0.0 104.12782574255966 109.33856814587138 91.32456751462412 104.12782574255966 101.68592190112825 100.49565601613142 99.48499763186858 89.36393807427316 101.17384228628978 101.22503898786135 103.06689578657969 102.98742660586126 91.97069949783832
104.84594780640043 106.08681017042753 98.51860050049692 102.26445264512203 92.42342646698313 97.59453725953902 104.12782574255966 0.0 101.9174752166893 101.22503898786135 101.30123944522396 97.52717102249909 107.41509823907136 101.8791792826767 99.82721961893651 95.96622270799391 101.9174752166893 111.32748844806754 108.19581821026556 98.67590728036559
109.33856814587138 96.11270652167109 99.56166036599238 98.50765687902214 102.73462139399354 99.48499763186858 109.33856814587138 101.9174752166893 0.0 95.96622270799391 95.73601286790087 104.86759000201769 100.63305183057452 106.46805873279425 101.17728349259764 102.93441736228657 97.38732181236202 97.94126732749217 100.49565601613142 111.32748844806754
95.72837089508681 105.9737983859815 101.8791792826767 106.93278565941631 101.67510364978443 95.73601286790087 91.32456751462412 101.22503898786135 95.96622270799391 0.0 101.8791792826767 92.01789417150141 103.11412154168744 94.43630315291075 94.33385498464132 101.97500667049528 101.68592190112825 104.40659508790873 102.26445264512203 97.27932765353026
103.77350205203562 98.67590728036559 104.32744008839896 103.23211597953146 103.11412154168744 97.90370197206798 104.12782574255966 101.30123944522396 95.73601286790087 101.8791792826767 0.0 101.17384228628978 97.94126732749217 98.89803280182358 97.60120982133427 104.40659508790873 102.93441736228657 103.11412154168744 106.46805873279425 91.50265474311428
108.04255913504599 101.97500667049528 101.36916417485038 98.55200947889549 100.53849717031548 102.76293066691511 101.68592190112825 97.52717102249909 104.86759000201769 92.01789417150141 101.17384228628978 0.0 99.82721961893651 102.76293066691511 106.93278565941631 104.40659508790873 97.52717102249909 101.22503898786135 99.81757578637426 104.13749081749258
107.8080480814431 98.33815904734723 99.09635839646575 100.45467582325837 98.67590728036559 104.12214290003811 100.49565601613142 107.41509823907136 100.63305183057452 103.11412154168744 97.94126732749217 99.82721961893651 0.0 108.04255913504599 102.26445264512203 101.67510364978443 99.09635839646575 104.81899982000104 104.81899982000104 91.50265474311428
97.60120982133427 103.91154084716081 99.68649322964355 100.45467582325837 99.68649322964355 108.59274681621443 99.48499763186858 101.8791792826767 106.46805873279425 94.43630315291075 98.89803280182358 102.76293066691511 108.04255913504599 0.0 91.97069949783832 91.5683579994328 103.70663235837256 95.23930523632319 97.59453725953902 103.06689578657969
103.77350205203562 90.50844694739567 94.28160510004042 89.03050563235477 99.56166036599238 102.64454129836834 89.36393807427316 99.82721961893651 101.17728349259764 94.33385498464132 97.60120982133427 106.93278565941631 102.26445264512203 91.97069949783832 0.0 98.51860050049692 98.71388347790891 99.81757578637426 100.53849717031548 106.06885902068686
105.919822557637 99.82721961893651 102.76293066691511 98.71388347790891 103.11412154168744 101.24387786144364 101.17384228628978 95.96622270799391 102.93441736228657 101.97500667049528 104.40659508790873 104.40659508790873 101.67510364978443 91.5683579994328 98.51860050049692 0.0 91.97069949783832 100.27038405308465 97.52717102249909 97.27932765353026
94.33385498464132 101.22503898786135 95.1529612421006 97.38732181236202 96.12689713621675 97.60120982133427 101.22503898786135 101.9174752166893 97.38732181236202 101.68592190112825 102.93441736228657 97.52717102249909 99.09635839646575 103.70663235837256 98.71388347790891 91.97069949783832 0.0 98.50765687902214 104.32744008839896 104.13749081749258
97.52717102249909 98.89803280182358 101.24387786144364 97.50390735388767 108.04255913504599 98.33815904734723 103.06689578657969 111.32748844806754 97.94126732749217 104.40659508790873 103.11412154168744 101.22503898786135 104.81899982000104 95.23930523632319 99.81757578637426 100.27038405308465 98.50765687902214 0.0 105.919822557637 103.06689578657969
102.98742660586126 99.81757578637426 100.49565601613142 94.33385498464132 101.9174752166893 102.98742660586126 102.98742660586126 108.19581821026556 100.49565601613142 102.26445264512203 106.46805873279425 99.81757578637426 104.81899982000104 97.59453725953902 100.53849717031548 97.52717102249909 104.32744008839896 105.919822557637 0.0 111.32748844806754
105.01211846154791 100.63305183057452 98.51860050049692 90.50844694739567 101.66493932482048 108.05299868995154 91.97069949783832 98.67590728036559 111.32748844806754 97.27932765353026 91.50265474311428 104.13749081749258 91.50265474311428 103.06689578657969 106.06885902068686 97.27932765353026 104.13749081749258 103.06689578657969 111.32748844806754 0.0
