25
0.0 97.36655529809093 82.84496889229935 61.762313631437934 113.2039368559402 137.3763780728074 96.9977251151711 97.36655529809093 97.36655529809093 98.52407592593694 131.39648474589302 130.88075300658178 69.46103155113194 60.86491902013928 77.89429826581996 105.03391897287888 60.241216587079805 92.24221038732884 97.28764422274165 90.65558998106773 98.52407592593694 98.52407592593694 57.170517206081406 75.01231728447593 108.13980386111697
97.36655529809093 0.0 91.6048969523276 108.13980386111697 105.03391897287888 62.62830773897307 77.89429826581996 97.71050562194947 69.3762007344581 130.88075300658178 118.887799491863 119.60960507144142 123.88582182609507 119.36132816492083 130.88075300658178 124.91085903718559 119.60960507144142 79.9118984375988 123.88582182609507 120.52168513519398 160.0640244601167 90.65558998106773 118.887799491863 82.84496889229935 121.3835141551344
82.84496889229935 91.6048969523276 0.0 131.39648474589302 128.93821748313803 62.62830773897307 97.28764422274165 92.24221038732884 101.53769026294904 79.9118984375988 92.24221038732884 126.66794743445593 75.01231728447593 120.52168513519398 60.241216587079805 53.54421106932052 53.54421106932052 119.60960507144142 88.97683575672998 80.59928165261253 60.241216587079805 137.3763780728074 97.71050562194947 97.71050562194947 101.53769026294904
61.762313631437934 108.13980386111697 131.39648474589302 0.0 131.39648474589302 118.887799491863 69.46103155113194 128.67294777844415 92.24221038732884 124.91085903718559 75.01231728447593 132.21921222212268 118.887799491863 90.65558998106773 97.71050562194947 110.58173726064082 119.36132816492083 96.9977251151711 88.97683575672998 113.2039368559402 91.6048969523276 57.170517206081406 108.13980386111697 128.93821748313803 91.6048969523276
113.2039368559402 105.03391897287888 128.93821748313803 131.39648474589302 0.0 67.65351476217953 96.85474550316542 128.93821748313803 69.3762007344581 61.762313631437934 77.89429826581996 137.3763780728074 90.65558998106773 88.59348848903797 132.21921222212268 88.59348848903797 131.39648474589302 105.50492116023989 53.54421106932052 93.78313308258579 80.59928165261253 75.01231728447593 160.0640244601167 110.58173726064082 92.24221038732884
137.3763780728074 62.62830773897307 62.62830773897307 118.887799491863 67.65351476217953 0.0 121.3835141551344 119.36132816492083 137.3763780728074 107.2576791612964 107.2576791612964 128.67294777844415 128.67294777844415 123.88582182609507 96.85474550316542 88.59348848903797 119.60960507144142 89.03617763279509 75.52512852888086 116.53986214810472 124.91085903718559 69.3762007344581 89.03617763279509 82.84496889229935 69.3762007344581
96.9977251151711 77.89429826581996 97.28764422274165 69.46103155113194 96.85474550316542 121.3835141551344 0.0 107.2576791612964 92.70673557140081 93.35643355503294 96.9977251151711 98.33666458058738 121.3835141551344 69.46103155113194 120.52168513519398 90.65558998106773 97.71050562194947 67.76371375489344 75.52512852888086 53.54421106932052 123.88582182609507 131.39648474589302 105.32428009904002 89.03617763279509 160.0640244601167
97.36655529809093 97.71050562194947 92.24221038732884 128.67294777844415 128.93821748313803 119.36132816492083 107.2576791612964 0.0 88.97683575672998 61.762313631437934 130.88075300658178 137.3763780728074 85.38134407000271 123.52562969347225 132.21921222212268 53.54421106932052 128.93821748313803 92.24221038732884 53.54421106932052 107.2576791612964 123.88582182609507 127.33702430949577 69.3762007344581 60.86491902013928 67.65351476217953
97.36655529809093 69.3762007344581 101.53769026294904 92.24221038732884 69.3762007344581 137.3763780728074 92.70673557140081 88.97683575672998 0.0 105.03391897287888 96.85474550316542 119.36132816492083 85.38134407000271 92.70673557140081 97.28764422274165 119.36132816492083 60.86491902013928 128.93821748313803 107.2576791612964 128.67294777844415 97.28764422274165 98.52407592593694 96.9977251151711 97.75834315023143 77.89429826581996
98.52407592593694 130.88075300658178 79.9118984375988 124.91085903718559 61.762313631437934 107.2576791612964 93.35643355503294 61.762313631437934 105.03391897287888 0.0 105.03391897287888 119.36132816492083 96.9977251151711 82.84496889229935 98.52407592593694 128.93821748313803 80.59928165261253 60.86491902013928 88.97683575672998 121.3835141551344 61.762313631437934 82.84496889229935 98.52407592593694 121.3835141551344 109.44090089577253
131.39648474589302 118.887799491863 92.24221038732884 75.01231728447593 77.89429826581996 107.2576791612964 96.9977251151711 130.88075300658178 96.85474550316542 105.03391897287888 0.0 105.03391897287888 108.13980386111697 120.52168513519398 131.39648474589302 60.241216587079805 123.52562969347225 127.33702430949577 97.28764422274165 69.3762007344581 123.52562969347225 97.36655529809093 116.53986214810472 93.35643355503294 57.170517206081406
130.88075300658178 119.60960507144142 126.66794743445593 132.21921222212268 137.3763780728074 128.67294777844415 98.33666458058738 137.3763780728074 119.36132816492083 119.36132816492083 105.03391897287888 0.0 98.33666458058738 132.21921222212268 116.53986214810472 60.241216587079805 123.52562969347225 130.88075300658178 110.58173726064082 93.78313308258579 119.60960507144142 105.32428009904002 92.70673557140081 105.32428009904002 92.24221038732884
69.46103155113194 123.88582182609507 75.01231728447593 118.887799491863 90.65558998106773 128.67294777844415 121.3835141551344 85.38134407000271 85.38134407000271 96.9977251151711 108.13980386111697 98.33666458058738 0.0 101.53769026294904 126.66794743445593 107.2576791612964 88.59348848903797 126.66794743445593 85.38134407000271 128.93821748313803 107.2576791612964 89.03617763279509 137.3763780728074 96.85474550316542 113.2039368559402
60.86491902013928 119.36132816492083 120.52168513519398 90.65558998106773 88.59348848903797 123.88582182609507 69.46103155113194 123.52562969347225 92.70673557140081 82.84496889229935 120.52168513519398 132.21921222212268 101.53769026294904 0.0 107.2576791612964 89.03617763279509 137.3763780728074 88.97683575672998 101.53769026294904 119.36132816492083 101.53769026294904 137.3763780728074 110.58173726064082 53.54421106932052 53.54421106932052
77.89429826581996 130.88075300658178 60.241216587079805 97.71050562194947 132.21921222212268 96.85474550316542 120.52168513519398 132.21921222212268 97.28764422274165 98.52407592593694 131.39648474589302 116.53986214810472 126.66794743445593 107.2576791612964 0.0 97.75834315023143 108.13980386111697 105.7449324000785 98.52407592593694 90.65558998106773 93.35643355503294 79.9118984375988 82.84496889229935 89.03617763279509 121.3835141551344
105.03391897287888 124.91085903718559 53.54421106932052 110.58173726064082 88.59348848903797 88.59348848903797 90.65558998106773 53.54421106932052 119.36132816492083 128.93821748313803 60.241216587079805 60.241216587079805 107.2576791612964 89.03617763279509 97.75834315023143 0.0 97.75834315023143 123.52562969347225 67.76371375489344 107.2576791612964 60.241216587079805 89.03617763279509 127.33702430949577 116.53986214810472 92.24221038732884
60.241216587079805 119.60960507144142 53.54421106932052 119.36132816492083 131.39648474589302 119.60960507144142 97.71050562194947 128.93821748313803 60.86491902013928 80.59928165261253 123.52562969347225 123.52562969347225 88.59348848903797 137.3763780728074 108.13980386111697 97.75834315023143 0.0 113.2039368559402 120.52168513519398 137.3763780728074 75.52512852888086 98.33666458058738 128.67294777844415 123.88582182609507 105.32428009904002
92.24221038732884 79.9118984375988 119.60960507144142 96.9977251151711 105.50492116023989 89.03617763279509 67.76371375489344 92.24221038732884 128.93821748313803 60.86491902013928 127.33702430949577 130.88075300658178 126.66794743445593 88.97683575672998 105.7449324000785 123.52562969347225 113.2039368559402 0.0 105.50492116023989 93.78313308258579 60.86491902013928 98.52407592593694 101.53769026294904 92.24221038732884 105.7449324000785
97.28764422274165 123.88582182609507 88.97683575672998 88.97683575672998 53.54421106932052 75.52512852888086 75.52512852888086 53.54421106932052 107.2576791612964 88.97683575672998 97.28764422274165 110.58173726064082 85.38134407000271 101.53769026294904 98.52407592593694 67.76371375489344 120.52168513519398 105.50492116023989 0.0 105.03391897287888 120.52168513519398 92.24221038732884 53.54421106932052 107.2576791612964 77.89429826581996
90.65558998106773 120.52168513519398 80.59928165261253 113.2039368559402 93.78313308258579 116.53986214810472 53.54421106932052 107.2576791612964 128.67294777844415 121.3835141551344 69.3762007344581 93.78313308258579 128.93821748313803 119.36132816492083 90.65558998106773 107.2576791612964 137.3763780728074 93.78313308258579 105.03391897287888 0.0 53.54421106932052 128.67294777844415 60.86491902013928 67.65351476217953 91.6048969523276
98.52407592593694 160.0640244601167 60.241216587079805 91.6048969523276 80.59928165261253 124.91085903718559 123.88582182609507 123.88582182609507 97.28764422274165 61.762313631437934 123.52562969347225 119.60960507144142 107.2576791612964 101.53769026294904 93.35643355503294 60.241216587079805 75.52512852888086 60.86491902013928 120.52168513519398 53.54421106932052 0.0 137.3763780728074 120.52168513519398 85.38134407000271 75.01231728447593
98.52407592593694 90.65558998106773 137.3763780728074 57.170517206081406 75.01231728447593 69.3762007344581 131.39648474589302 127.33702430949577 98.52407592593694 82.84496889229935 97.36655529809093 105.32428009904002 89.03617763279509 137.3763780728074 79.9118984375988 89.03617763279509 98.33666458058738 98.52407592593694 92.24221038732884 128.67294777844415 137.3763780728074 0.0 131.39648474589302 62.62830773897307 67.76371375489344
57.170517206081406 118.887799491863 97.71050562194947 108.13980386111697 160.0640244601167 89.03617763279509 105.32428009904002 69.3762007344581 96.9977251151711 98.52407592593694 116.53986214810472 92.70673557140081 137.3763780728074 110.58173726064082 82.84496889229935 127.33702430949577 128.67294777844415 101.53769026294904 53.54421106932052 60.86491902013928 120.52168513519398 131.39648474589302 0.0 53.54421106932052 93.78313308258579
75.01231728447593 82.84496889229935 97.71050562194947 128.93821748313803 110.58173726064082 82.84496889229935 89.03617763279509 60.86491902013928 97.75834315023143 121.3835141551344 93.35643355503294 105.32428009904002 96.85474550316542 53.54421106932052 89.03617763279509 116.53986214810472 123.88582182609507 92.24221038732884 107.2576791612964 67.65351476217953 85.38134407000271 62.62830773897307 53.54421106932052 0.0 119.60960507144142
108.13980386111697 121.3835141551344 101.53769026294904 91.6048969523276 92.24221038732884 69.3762007344581 160.0640244601167 67.65351476217953 77.89429826581996 109.44090089577253 57.170517206081406 92.24221038732884 113.2039368559402 53.54421106932052 121.3835141551344 92.24221038732884 105.32428009904002 105.7449324000785 77.89429826581996 91.6048969523276 75.01231728447593 67.76371375489344 93.78313308258579 119.60960507144142 0.0
