75
0.0 108.82018300727734 95.10679712361541 96.16256404810026 107.0866156497716 103.48936708062521 101.29481841173236 98.77366352192668 102.23659138771586 101.8647842996647 104.0808560998104 101.14676944370356 101.840184725005 95.27083632920144 99.39262018185403 91.14576486255874 93.59620005649644 101.82864948803679 108.90755892280735 99.78638761238305 84.41017888525523 109.06065229506187 105.8110344779843 100.07755258492539 103.6633611975573 99.03482146369338 103.97796071042738 100.19371625207735 98.55529329915754 97.33785876606125 99.75876637490317 99.76691697687113 101.23246568498814 95.8378045380995 100.91420060146449 106.08507910855099 97.15619472595213 98.94007336961612 94.87426807096611 97.16408336105357 101.69784056861323 93.23474666323088 96.59611169906157 89.8542992961644 107.7537352007349 98.00597117298265 100.90139898454491 101.01479451312778 101.8647842996647 96.65280088872784 100.34736135281413 105.22475664872756 95.75246463993545 93.83180179181673 100.8975918019729 104.0808560998104 106.46533162074833 105.9635128967496 99.85235320708965 99.34573089098086 104.51289391406237 98.91289149416063 103.48936708062521 96.81990585618765 96.58512888216517 103.6633611975573 107.7537352007349 93.86662106103422 108.82018300727734 103.57327452294557 103.14655150567933 102.61757252638729 105.42579560383834 101.415000377137 96.01344801137947
108.82018300727734 0.0 104.39750612294638 94.25136051509838 102.47374187779724 107.9989426659531 105.8110344779843 103.02429786271188 101.44618006782173 100.3651266873009 106.00324196998271 101.52840192169401 99.18775739578547 95.75246463993545 99.45565670235443 101.86172881229157 93.59620005649644 95.23663931860716 94.53217941165167 102.23158894801023 107.36720275150066 90.89497560626627 102.37829186993201 101.61223530650089 103.38177548918806 99.76691697687113 89.58585882381657 99.37926148924059 104.32520972657976 101.67832839003842 93.84152532966462 115.97379609971584 84.41017888525523 100.34917041593914 104.57559835219901 98.47963880679973 104.74456253301443 97.00327759336463 106.46533162074833 106.46533162074833 98.55529329915754 100.19371625207735 101.4600675704881 104.40258765573581 97.03281068973402 101.71728759637855 106.51264906841205 93.8878013513 102.47374187779724 101.8647842996647 95.83667756161967 97.98504460864449 99.9991499153366 111.05878274630265 112.74799923568663 113.69148304446102 103.31806717816715 109.06065229506187 95.83311718118883 94.74011038730852 96.42709430759984 98.89682186488017 100.1801610103403 101.50436414487824 103.91839804976618 104.13458426041417 92.21459496504835 104.0808560998104 100.02853144657541 116.13573891064762 100.02853144657541 104.40258765573581 93.35789224491758 101.46737998845532 103.14655150567933
95.10679712361541 104.39750612294638 0.0 100.90139898454491 95.32145956676639 100.02923824976132 112.74799923568663 107.8156314133787 101.71728759637855 100.5957155404384 105.42579560383834 98.97827356971037 95.76070229161647 108.97397208112722 102.34457447889332 101.83915912002414 100.99263273729072 102.08029703211436 101.10663391854295 101.50436414487824 105.16925980258426 100.17197393592643 103.35679681171302 107.80479269240485 105.45315309642926 95.38404991003169 103.35679681171302 96.16256404810026 106.1744763959976 103.16768315048735 90.86919783078879 102.09365035884164 101.86172881229157 99.03482146369338 97.45087238337534 98.0377834863018 98.47963880679973 93.40519304943827 103.49199694819673 93.86662106103422 97.92352660547128 94.25136051509838 93.35789224491758 109.71346982652867 110.01481038380263 105.45315309642926 93.59620005649644 99.27869913950407 105.7354518437949 101.61223530650089 102.10409993880596 110.54656420931475 102.06754528630844 97.26263611405813 104.63022982910228 106.11355916362245 101.75268508189073 102.6767629762729 98.25717932263186 99.10802485594029 92.99600210700966 102.15406564778272 99.70745842603975 99.20918796440736 98.55529329915754 109.71346982652867 107.26275388923513 97.98504460864449 106.58922454878741 105.46568553380207 100.99983074721027 100.51012664402532 99.45565670235443 106.76317777218556 99.69804587062113
96.16256404810026 94.25136051509838 100.90139898454491 0.0 105.71864987823864 93.57864734958568 97.64636215860112 101.61326316636728 106.02288004006157 105.57438633781663 101.45633727152857 103.8406515887833 99.70227909639335 90.75733957080158 99.99085445052475 104.40258765573581 111.05878274630265 95.40237622632667 95.53508976319304 100.80461424505181 100.4885581322492 100.91420060146449 95.75246463993545 106.76317777218556 107.70601355313438 107.60295816432588 103.38177548918806 104.0808560998104 105.71864987823864 101.59697133901587 103.24193947609048 92.36451859243246 96.2936419164309 100.55634546506266 109.60665327233664 98.82981919080878 103.7801607543706 99.85235320708965 90.89497560626627 101.4180686085748 91.1912981496568 102.81062710488146 89.86682892248832 95.38404991003169 103.47986443708281 92.4999362494027 95.8378045380995 100.90994180529363 104.37209474573885 98.29003708573607 104.82054852822472 103.70225712161009 96.65280088872784 105.04762038619447 104.57559835219901 107.60295816432588 100.91787867716839 109.71346982652867 100.8975918019729 105.0876899106585 103.78834459384085 98.10197450023375 98.29003708573607 103.17363304442286 99.16160458779281 106.03762314338863 95.83311718118883 100.73607297750992 102.9176264025636 99.37926148924059 91.6184941803776 97.92352660547128 111.05878274630265 99.42555198918957 101.13243931463371
107.0866156497716 102.47374187779724 95.32145956676639 105.71864987823864 0.0 102.65065696425386 97.62315004366482 100.67508888686677 95.27083632920144 101.46737998845532 103.17363304442286 101.61326316636728 99.42555198918957 99.76691697687113 99.76691697687113 98.474205328028 96.46516586983712 101.40813331065998 106.87403304566101 94.53243138261226 110.24824087868825 90.89497560626627 98.60056926544924 98.97827356971037 107.09827696296958 97.98986139701091 100.4794032459682 95.32145956676639 100.57342941805547 98.11495320555015 99.24114057827566 98.44430930255355 95.76070229161647 94.78823631959717 104.37209474573885 105.29877433287965 101.49437691081341 91.58373598903117 105.7354518437949 112.5016342453756 104.82054852822472 97.97582517678622 91.22629057124651 103.86278410065904 99.58245523285696 97.64636215860112 105.41315035555903 104.9132404100949 90.75733957080158 100.85621295536411 100.06822520645888 101.4838624623908 95.40237622632667 108.75888629964777 102.34457447889332 96.2936419164309 92.18103603300523 87.12201060191967 101.26630522217958 91.1912981496568 97.04778706565142 107.8156314133787 107.87643652483028 95.40237622632667 98.28358070878697 105.41315035555903 107.18023251963602 100.3651266873009 110.63717120630415 99.70227909639335 102.63947143123791 107.18023251963602 97.98125164292303 96.58446987621657 98.02017431949443
103.48936708062521 107.9989426659531 100.02923824976132 93.57864734958568 102.65065696425386 0.0 102.65065696425386 101.82864948803679 98.9262403862488 99.49613755944667 107.53369164802893 95.83311718118883 106.30221654666686 115.97379609971584 97.92352660547128 90.89497560626627 102.61757252638729 101.23246568498814 116.13573891064762 101.65112499868265 99.85235320708965 102.68904886398087 95.60766972552831 92.61615458730799 107.36720275150066 99.91890792568796 98.01205750521781 101.28617813322577 89.8542992961644 106.51264906841205 98.36367242755215 109.1020354753174 108.97397208112722 90.86919783078879 107.80479269240485 106.31368883378259 92.36451859243246 98.00114875550355 104.43404978003734 101.34458988553408 100.02853144657541 102.61757252638729 94.53217941165167 106.00324196998271 101.49437691081341 109.34734202755828 101.67832839003842 93.47775093045078 96.01344801137947 101.01479451312778 110.24824087868825 101.20489204882686 95.23663931860716 103.4410282256325 108.62106332939221 92.34736786939129 95.68415024938516 109.43531478218037 103.6633611975573 103.02429786271188 96.16256404810026 96.42709430759984 98.28358070878697 98.94007336961612 112.74799923568663 99.85235320708965 100.74632215514376 96.01344801137947 100.97238898507815 105.42579560383834 116.13573891064762 107.44692158537069 107.03823716973038 107.7537352007349 100.19371625207735
101.29481841173236 105.8110344779843 112.74799923568663 97.64636215860112 97.62315004366482 102.65065696425386 0.0 98.94007336961612 98.41253952670282 101.4600675704881 99.59551081373417 100.09714065967808 99.78638761238305 95.47260578770779 100.85402722285508 96.26452604354648 102.89698348286967 102.9176264025636 103.35679681171302 93.40519304943827 100.51012664402532 92.62311219490455 100.97238898507815 94.66249324401521 98.00597117298265 106.20164297016522 103.31806717816715 101.07335186845265 92.99600210700966 110.63717120630415 91.48930497488688 97.1031387146673 105.67246354567139 95.69684461236555 101.50436414487824 98.9262403862488 106.08507910855099 99.07914162556894 95.55767682243614 99.37926148924059 105.46568553380207 107.70601355313438 100.63020806801104 99.55419745565406 90.75733957080158 89.51995290854063 95.72788375291526 96.54893116153784 92.32654970165687 103.24193947609048 100.23397863516794 96.25797324252072 98.36367242755215 100.91420060146449 93.8878013513 94.98980765043396 97.98986139701091 100.85402722285508 104.37209474573885 102.21101687964168 108.75888629964777 98.2503582084623 108.62106332939221 101.32038042628966 97.69384496623488 108.82672429740228 98.33815685266293 104.13458426041417 96.25797324252072 104.32953338978436 105.57438633781663 107.60295816432588 110.53917698925461 92.21459496504835 98.00114875550355
98.77366352192668 103.02429786271188 107.8156314133787 101.61326316636728 100.67508888686677 101.82864948803679 98.94007336961612 0.0 104.40569638284876 101.69784056861323 93.90979211733075 99.20918796440736 96.32988238881175 100.3651266873009 100.23045418496393 97.04778706565142 97.62315004366482 100.7030003984675 93.90979211733075 95.46775940416026 100.09863372662585 106.36615044149116 98.4216903943538 97.69384496623488 101.26630522217958 101.34458988553408 98.474205328028 102.85655071898732 99.85235320708965 102.31758553694178 96.2936419164309 106.1744763959976 101.61326316636728 101.77042539816483 94.98980765043396 108.88793456166223 102.21269495819115 108.58022512993475 112.13830344448617 97.98080941320978 93.79733707896769 97.45087238337534 105.14110468191632 94.76663735730878 95.8378045380995 97.92352660547128 99.16160458779281 99.06340565550931 102.09365035884164 102.20912814070749 115.97379609971584 102.93441702568867 100.31026768799033 97.69384496623488 98.33815685266293 98.4216903943538 97.64636215860112 92.34736786939129 93.1878687277566 105.57438633781663 94.98980765043396 106.58922454878741 93.86662106103422 100.8975918019729 104.40258765573581 93.59620005649644 100.07755258492539 108.75888629964777 96.7487757493337 107.18023251963602 101.5724893841196 100.32712899589501 116.13573891064762 90.24504113674091 101.13243931463371
102.23659138771586 101.44618006782173 101.71728759637855 106.02288004006157 95.27083632920144 98.9262403862488 98.41253952670282 104.40569638284876 0.0 103.2616483268351 100.57342941805547 97.59463698502904 103.45536287756256 102.68904886398087 104.06453524180587 98.60056926544924 106.03054154543645 96.65280088872784 94.7849800460893 102.12272931418961 96.42709430759984 109.06065229506187 107.9989426659531 100.74907031227933 92.4999362494027 88.80514099341184 101.2052466118362 107.53369164802893 107.001340282095 95.8378045380995 98.474205328028 104.9132404100949 102.15977774584593 99.78638761238305 111.05878274630265 93.3254576651075 113.69148304446102 92.18103603300523 99.85235320708965 104.13458426041417 104.66898661779987 101.4838624623908 102.63947143123791 100.32712899589501 105.71864987823864 101.88647163788646 101.34458988553408 94.66249324401521 101.4180686085748 100.90994180529363 110.24824087868825 102.19359543364506 103.48936708062521 99.49613755944667 99.41155643145213 105.14432323999056 100.32042206670462 95.32145956676639 100.90139898454491 100.91420060146449 103.84995251806863 105.9635128967496 99.70227909639335 94.71964406465139 102.89353597487991 101.61223530650089 104.17319638623543 99.53790638324884 98.41253952670282 106.08507910855099 104.40258765573581 101.3603080267925 103.24131503108539 100.90139898454491 99.6172816941575
101.8647842996647 100.3651266873009 100.5957155404384 105.57438633781663 101.46737998845532 99.49613755944667 101.4600675704881 101.69784056861323 103.2616483268351 0.0 103.58282175793452 101.08749466574275 103.8406515887833 96.58512888216517 101.56737854977091 93.57864734958568 99.75876637490317 99.99085445052475 97.98504460864449 99.37926148924059 99.59551081373417 99.88246561024812 102.17150893447389 104.22784731950448 99.58245523285696 92.18103603300523 102.9176264025636 97.04778706565142 100.55634546506266 95.53770166911399 99.03482146369338 93.61305334030384 99.58245523285696 99.58245523285696 100.3651266873009 97.04778706565142 99.70227909639335 97.62956854795247 95.53770166911399 106.36615044149116 101.23246568498814 92.32654970165687 99.34573089098086 103.84995251806863 97.26263611405813 102.06754528630844 101.5724893841196 103.16768315048735 98.96747914918343 91.74496433958734 102.82468879838922 91.12624020141291 100.695198829743 99.76691697687113 107.67415710149176 100.32042206670462 103.2616483268351 93.84152532966462 97.59463698502904 98.9262403862488 108.82018300727734 90.24504113674091 99.59551081373417 102.08625822435684 98.35437492395822 99.27869913950407 108.97397208112722 98.0530844401136 116.13573891064762 106.34922645456142 100.90139898454491 99.8101763199234 103.7801607543706 98.83377974847599 98.97827356971037
104.0808560998104 106.00324196998271 105.42579560383834 101.45633727152857 103.17363304442286 107.53369164802893 99.59551081373417 93.90979211733075 100.57342941805547 103.58282175793452 0.0 107.36720275150066 101.77967035908328 103.41686997985295 103.6633611975573 91.22629057124651 99.99085445052475 101.29288205128579 112.5016342453756 98.77366352192668 94.24030432281168 95.83311718118883 95.53770166911399 99.27869913950407 104.41160296828963 101.20489204882686 98.10197450023375 88.17235873916275 102.89698348286967 94.67201325049083 99.4355886157656 101.52840192169401 112.13830344448617 107.44692158537069 107.26275388923513 107.001340282095 103.79224265551738 93.40519304943827 105.16925980258426 101.4600675704881 93.3254576651075 95.55767682243614 108.82672429740228 97.98080941320978 96.46516586983712 100.63020806801104 102.10409993880596 102.85655071898732 109.1020354753174 95.53770166911399 102.17150893447389 108.82018300727734 92.4999362494027 101.82901807909505 97.98504460864449 101.87925698829301 99.53790638324884 96.65280088872784 95.27692699533716 100.5957155404384 89.58585882381657 100.7030003984675 98.4216903943538 100.3651266873009 98.45424073495305 101.20489204882686 94.55257478805 108.58022512993475 96.16256404810026 106.51264906841205 103.24131503108539 94.53217941165167 102.31758553694178 103.38177548918806 90.79110544314531
101.14676944370356 101.52840192169401 98.97827356971037 103.8406515887833 101.61326316636728 95.83311718118883 100.09714065967808 99.20918796440736 97.59463698502904 101.08749466574275 107.36720275150066 0.0 95.47260578770779 93.83180179181673 103.57327452294557 93.9976541815761 102.12272931418961 94.46571302949282 103.58282175793452 102.68904886398087 105.36166508969845 89.51995290854063 100.31026768799033 106.30221654666686 93.86662106103422 91.57639750992657 95.53770166911399 99.9991499153366 106.13942658180659 106.08507910855099 96.01344801137947 101.49437691081341 99.20918796440736 100.09863372662585 100.02853144657541 99.39262018185403 105.14110468191632 101.26630522217958 99.99085445052475 107.5050021017797 102.08029703211436 100.51012664402532 99.88246561024812 92.61615458730799 94.66249324401521 99.18775739578547 95.68415024938516 105.61964943038113 101.6449915408085 104.47389744277409 105.46568553380207 104.57559835219901 103.35679681171302 99.70227909639335 107.60295816432588 102.10409993880596 107.16491352437326 104.0808560998104 98.96747914918343 106.30221654666686 103.41686997985295 108.82672429740228 101.88898240181346 98.13543893247535 96.46516586983712 96.65280088872784 103.47986443708281 98.4216903943538 94.24030432281168 105.8110344779843 94.17447188331253 98.89682186488017 101.00910569888752 100.90139898454491 94.7849800460893
101.840184725005 99.18775739578547 95.76070229161647 99.70227909639335 99.42555198918957 106.30221654666686 99.78638761238305 96.32988238881175 103.45536287756256 103.8406515887833 101.77967035908328 95.47260578770779 0.0 105.8110344779843 105.14110468191632 104.93530737099358 101.82043355432403 95.83311718118883 99.55419745565406 103.79224265551738 98.02017431949443 94.67201325049083 99.34573089098086 104.32520972657976 111.52174656839631 94.87426807096611 100.17197393592643 99.62799165172996 94.53217941165167 103.6633611975573 105.8251023126472 90.86919783078879 104.93530737099358 103.69800385582181 109.43531478218037 106.08507910855099 103.48936708062521 102.15406564778272 98.35437492395822 91.48930497488688 93.57864734958568 106.20164297016522 105.37113742122284 100.63020806801104 106.30221654666686 99.9991499153366 101.45633727152857 98.58487888233003 103.91192318181656 103.7801607543706 103.45536287756256 100.63020806801104 102.15406564778272 97.62315004366482 104.53974263561571 94.25136051509838 103.41686997985295 101.29288205128579 105.29877433287965 102.10409993880596 103.8406515887833 98.82981919080878 103.78834459384085 98.89682186488017 95.27083632920144 101.32038042628966 102.49619906992974 94.78823631959717 100.34736135281413 101.6320932626895 104.74456253301443 92.34736786939129 101.31826837069457 100.32712899589501 100.00562166612667
95.27083632920144 95.75246463993545 108.97397208112722 90.75733957080158 99.76691697687113 115.97379609971584 95.47260578770779 100.3651266873009 102.68904886398087 96.58512888216517 103.41686997985295 93.83180179181673 105.8110344779843 0.0 102.23158894801023 99.59551081373417 109.52119447057446 98.41253952670282 109.52119447057446 97.45087238337534 104.39750612294638 100.63020806801104 100.80461424505181 103.47986443708281 91.1912981496568 102.9176264025636 100.63020806801104 109.60665327233664 88.17235873916275 104.82054852822472 96.16256404810026 99.06340565550931 99.34573089098086 98.35437492395822 107.10162075564301 98.0377834863018 102.34457447889332 102.21101687964168 101.34458988553408 101.82901807909505 101.88898240181346 90.79110544314531 103.18985618263844 97.03281068973402 101.4180686085748 107.36720275150066 97.91128344078709 102.28438882097227 98.3655375007559 97.91128344078709 98.88182975535844 98.89682186488017 99.06340565550931 100.34917041593914 100.04454360764774 101.52840192169401 101.14676944370356 101.61326316636728 104.17319638623543 97.00327759336463 101.40813331065998 104.0808560998104 88.80514099341184 102.08029703211436 99.16160458779281 95.72788375291526 103.35679681171302 102.63947143123791 108.82672429740228 89.07645679416511 108.80748891928206 108.58022512993475 97.44711091924287 102.06754528630844 95.69684461236555
99.39262018185403 99.45565670235443 102.34457447889332 99.99085445052475 99.76691697687113 97.92352660547128 100.85402722285508 100.23045418496393 104.06453524180587 101.56737854977091 103.6633611975573 103.57327452294557 105.14110468191632 102.23158894801023 0.0 95.38404991003169 98.82981919080878 101.82864948803679 102.57376975646828 97.1031387146673 100.97238898507815 95.53401403303678 96.32988238881175 108.82018300727734 103.58282175793452 100.73607297750992 101.13243931463371 99.55419745565406 93.57864734958568 106.00324196998271 105.04762038619447 95.36936975625872 99.58245523285696 102.57788760340672 88.80514099341184 90.86919783078879 106.46533162074833 101.4180686085748 107.26275388923513 107.16491352437326 102.06754528630844 104.43404978003734 110.53917698925461 101.82864948803679 97.98504460864449 95.27692699533716 92.99600210700966 103.14655150567933 104.43404978003734 92.19712199642464 107.18023251963602 98.33815685266293 97.98504460864449 100.91420060146449 99.39262018185403 103.09596270145339 101.6449915408085 100.19371625207735 100.91420060146449 101.88898240181346 96.01344801137947 93.47775093045078 106.13942658180659 105.7354518437949 99.41155643145213 101.4180686085748 101.08749466574275 100.1801610103403 98.94007336961612 101.61326316636728 102.63947143123791 108.59227824237064 107.10162075564301 93.9976541815761 91.1912981496568
91.14576486255874 101.86172881229157 101.83915912002414 104.40258765573581 98.474205328028 90.89497560626627 96.26452604354648 97.04778706565142 98.60056926544924 93.57864734958568 91.22629057124651 93.9976541815761 104.93530737099358 99.59551081373417 95.38404991003169 0.0 108.59227824237064 99.20918796440736 104.47389744277409 101.65112499868265 96.54893116153784 106.59202260385136 106.30221654666686 99.62799165172996 97.98986139701091 106.1744763959976 93.2451486457933 107.53369164802893 104.74456253301443 101.82901807909505 94.25136051509838 103.70225712161009 89.51995290854063 96.46516586983712 93.40519304943827 97.64636215860112 93.3254576651075 100.80461424505181 103.17363304442286 102.19359543364506 99.72970649032119 98.13543893247535 107.87643652483028 102.89698348286967 98.08358962498114 109.06065229506187 96.65280088872784 98.2503582084623 101.10663391854295 87.12201060191967 102.06754528630844 99.69804587062113 98.58487888233003 112.5016342453756 100.67508888686677 100.4794032459682 105.46794174686185 100.56799636497165 94.67201325049083 99.07914162556894 105.01381083745382 101.51985537988396 104.32520972657976 95.38404991003169 102.82468879838922 96.54893116153784 99.27869913950407 101.50436414487824 100.74632215514376 95.83667756161967 90.75733957080158 97.51572055415772 95.60766972552831 101.75268508189073 105.45315309642926
93.59620005649644 93.59620005649644 100.99263273729072 111.05878274630265 96.46516586983712 102.61757252638729 102.89698348286967 97.62315004366482 106.03054154543645 99.75876637490317 99.99085445052475 102.12272931418961 101.82043355432403 109.52119447057446 98.82981919080878 108.59227824237064 0.0 108.97397208112722 92.21459496504835 103.31806717816715 101.01479451312778 105.02904379715106 101.20489204882686 102.12272931418961 97.26263611405813 101.3830007031319 103.2616483268351 99.82065535587004 103.45536287756256 95.53770166911399 100.07755258492539 101.4838624623908 99.53790638324884 104.0808560998104 99.4355886157656 101.86172881229157 96.54893116153784 101.86172881229157 100.60459708530969 99.6172816941575 94.27682166029963 91.1912981496568 91.19945025884851 93.84152532966462 97.1031387146673 93.59620005649644 101.59697133901587 96.2936419164309 95.03053464567489 96.2936419164309 108.82018300727734 103.11373015724212 95.83667756161967 97.92352660547128 93.2451486457933 104.51289391406237 91.33880226705541 95.72788375291526 104.06453524180587 108.82672429740228 103.16768315048735 105.8251023126472 105.29877433287965 98.44430930255355 101.59697133901587 97.60144000149396 97.44711091924287 108.90755892280735 99.73015820467812 99.9991499153366 97.47772270199343 104.41160296828963 107.26275388923513 99.45565670235443 93.79733707896769
101.82864948803679 95.23663931860716 102.08029703211436 95.40237622632667 101.40813331065998 101.23246568498814 102.9176264025636 100.7030003984675 96.65280088872784 99.99085445052475 101.29288205128579 94.46571302949282 95.83311718118883 98.41253952670282 101.82864948803679 99.20918796440736 108.97397208112722 0.0 93.84152532966462 94.66249324401521 104.06453524180587 98.96747914918343 98.4216903943538 104.53974263561571 104.56066097303868 99.06340565550931 95.36936975625872 105.04762038619447 104.32953338978436 90.24504113674091 100.90139898454491 97.16408336105357 92.4999362494027 95.89448436656288 94.37206047703005 100.7030003984675 97.16408336105357 101.83915912002414 105.7354518437949 96.55558289163478 94.76663735730878 98.38203962578291 105.46794174686185 89.8542992961644 100.51012664402532 100.85621295536411 97.60144000149396 101.3603080267925 103.14655150567933 101.61326316636728 90.93176373472826 97.35669583165347 99.69804587062113 100.695198829743 100.32042206670462 98.96747914918343 96.16256404810026 105.01381083745382 100.85621295536411 105.51277989066311 100.3651266873009 102.57788760340672 102.0951915903207 98.91662498978314 105.01381083745382 105.0876899106585 99.58245523285696 98.0377834863018 99.03482146369338 105.8110344779843 109.52119447057446 98.47963880679973 101.31826837069457 113.69148304446102 101.6449915408085
108.90755892280735 94.53217941165167 101.10663391854295 95.53508976319304 106.87403304566101 116.13573891064762 103.35679681171302 93.90979211733075 94.7849800460893 97.98504460864449 112.5016342453756 103.58282175793452 99.55419745565406 109.52119447057446 102.57376975646828 104.47389744277409 92.21459496504835 93.84152532966462 0.0 97.59463698502904 97.69065838283639 94.55257478805 98.33815685266293 103.47986443708281 106.34922645456142 96.6926685833011 99.59551081373417 99.55419745565406 98.8066214954474 91.74496433958734 100.69050031250494 92.36451859243246 90.24504113674091 102.21971039587564 99.45565670235443 89.51995290854063 105.67246354567139 108.97397208112722 95.00398307064714 100.02923824976132 99.49613755944667 105.71864987823864 97.97582517678622 97.97582517678622 99.70227909639335 104.40258765573581 98.3655375007559 97.51572055415772 103.7801607543706 95.27083632920144 105.01381083745382 96.54893116153784 108.82672429740228 104.57559835219901 91.74496433958734 97.98986139701091 100.32420277801742 106.00324196998271 99.49613755944667 91.12624020141291 104.53974263561571 102.19359543364506 98.29003708573607 100.69050031250494 103.24193947609048 100.74632215514376 98.25717932263186 103.70225712161009 98.0377834863018 108.82672429740228 106.00324196998271 105.67246354567139 91.74496433958734 97.98504460864449 99.49948052813437
99.78638761238305 102.23158894801023 101.50436414487824 100.80461424505181 94.53243138261226 101.65112499868265 93.40519304943827 95.46775940416026 102.12272931418961 99.37926148924059 98.77366352192668 102.68904886398087 103.79224265551738 97.45087238337534 97.1031387146673 101.65112499868265 103.31806717816715 94.66249324401521 97.59463698502904 0.0 101.77967035908328 104.22784731950448 98.58487888233003 98.44430930255355 96.2936419164309 97.15619472595213 108.88793456166223 101.13243931463371 97.60144000149396 95.74190284401521 90.24504113674091 112.74799923568663 107.001340282095 103.70225712161009 107.87643652483028 99.06340565550931 100.5957155404384 98.41253952670282 101.23246568498814 90.75733957080158 106.1744763959976 94.98980765043396 97.03281068973402 100.57342941805547 102.89698348286967 93.47775093045078 99.27869913950407 89.58585882381657 97.64636215860112 100.85402722285508 97.62315004366482 102.15406564778272 100.8331897614573 104.47389744277409 98.20439326227952 104.0808560998104 97.69384496623488 101.4180686085748 105.8110344779843 100.8331897614573 99.10802485594029 98.89682186488017 99.6172816941575 106.31368883378259 97.97582517678622 89.86682892248832 105.8110344779843 89.51995290854063 96.8353804137809 105.02904379715106 103.91839804976618 99.70227909639335 107.9989426659531 96.81990585618765 102.0951915903207
84.41017888525523 107.36720275150066 105.16925980258426 100.4885581322492 110.24824087868825 99.85235320708965 100.51012664402532 100.09863372662585 96.42709430759984 99.59551081373417 94.24030432281168 105.36166508969845 98.02017431949443 104.39750612294638 100.97238898507815 96.54893116153784 101.01479451312778 104.06453524180587 97.69065838283639 101.77967035908328 0.0 97.33785876606125 97.26263611405813 100.23397863516794 109.18830547319445 105.04762038619447 102.23158894801023 99.42555198918957 104.32520972657976 102.68904886398087 99.88246561024812 96.01344801137947 103.6633611975573 93.90979211733075 100.23397863516794 94.55257478805 103.84995251806863 107.26275388923513 103.91839804976618 93.40519304943827 93.57864734958568 98.88182975535844 88.17235873916275 99.4355886157656 110.54656420931475 87.12201060191967 107.36720275150066 90.24504113674091 95.89448436656288 98.55529329915754 98.8066214954474 101.82901807909505 101.13902642695264 98.0377834863018 99.8101763199234 99.91890792568796 107.44692158537069 102.21101687964168 102.21269495819115 100.07755258492539 97.5352450925093 103.11373015724212 102.47374187779724 99.49948052813437 100.34917041593914 98.36367242755215 100.53152666039634 95.55767682243614 95.75246463993545 96.8353804137809 101.88647163788646 96.46516586983712 100.09863372662585 102.89698348286967 101.29288205128579
109.06065229506187 90.89497560626627 100.17197393592643 100.91420060146449 90.89497560626627 102.68904886398087 92.62311219490455 106.36615044149116 109.06065229506187 99.88246561024812 95.83311718118883 89.51995290854063 94.67201325049083 100.63020806801104 95.53401403303678 106.59202260385136 105.02904379715106 98.96747914918343 94.55257478805 104.22784731950448 97.33785876606125 0.0 94.71964406465139 100.95548467097389 91.33880226705541 107.53369164802893 108.82672429740228 93.84152532966462 100.34736135281413 93.35789224491758 96.42709430759984 99.6172816941575 97.33785876606125 101.5724893841196 102.21971039587564 94.46571302949282 96.58512888216517 102.23659138771586 105.16925980258426 106.59202260385136 101.08749466574275 106.00324196998271 94.53243138261226 97.16408336105357 100.33946285577737 103.47986443708281 101.86172881229157 102.12272931418961 100.09863372662585 107.8156314133787 92.34736786939129 104.09366827701183 98.55529329915754 101.61223530650089 101.49437691081341 99.72970649032119 102.15406564778272 97.62956854795247 101.6449915408085 108.62106332939221 98.19208520988842 98.29003708573607 101.35735588824322 98.11460184708733 105.61964943038113 101.3830007031319 102.0951915903207 101.77967035908328 112.13830344448617 109.1020354753174 98.28358070878697 98.94007336961612 100.67508888686677 97.07608966793539 98.25717932263186
105.8110344779843 102.37829186993201 103.35679681171302 95.75246463993545 98.60056926544924 95.60766972552831 100.97238898507815 98.4216903943538 107.9989426659531 102.17150893447389 95.53770166911399 100.31026768799033 99.34573089098086 100.80461424505181 96.32988238881175 106.30221654666686 101.20489204882686 98.4216903943538 98.33815685266293 98.58487888233003 97.26263611405813 94.71964406465139 0.0 103.86278410065904 98.36367242755215 100.23045418496393 84.41017888525523 101.08749466574275 101.14676944370356 106.58922454878741 94.17447188331253 98.36367242755215 107.67415710149176 109.52119447057446 105.16925980258426 95.00398307064714 94.53217941165167 93.90979211733075 105.14432323999056 101.00910569888752 96.35160755565522 103.70225712161009 102.06754528630844 101.07335186845265 112.74799923568663 102.9176264025636 107.10162075564301 101.82864948803679 98.88182975535844 96.59611169906157 103.45536287756256 93.90979211733075 97.47772270199343 112.5016342453756 107.80479269240485 96.26452604354648 97.35669583165347 100.57342941805547 94.37206047703005 104.9132404100949 94.78823631959717 102.19359543364506 96.16256404810026 100.88662057693064 107.87643652483028 91.33880226705541 106.31368883378259 106.03762314338863 94.67201325049083 99.59551081373417 93.3254576651075 98.02017431949443 100.91787867716839 97.5352450925093 100.32420277801742
100.07755258492539 101.61223530650089 107.80479269240485 106.76317777218556 98.97827356971037 92.61615458730799 94.66249324401521 97.69384496623488 100.74907031227933 104.22784731950448 99.27869913950407 106.30221654666686 104.32520972657976 103.47986443708281 108.82018300727734 99.62799165172996 102.12272931418961 104.53974263561571 103.47986443708281 98.44430930255355 100.23397863516794 100.95548467097389 103.86278410065904 0.0 103.24131503108539 99.91890792568796 94.76663735730878 111.44682855850137 108.58022512993475 102.89698348286967 93.1878687277566 109.60665327233664 101.44618006782173 101.88647163788646 104.3600739906311 102.15406564778272 105.01381083745382 93.23474666323088 94.87426807096611 103.47986443708281 94.7849800460893 89.58585882381657 96.54893116153784 102.17150893447389 101.28617813322577 104.40258765573581 100.99263273729072 106.51852731826429 102.10409993880596 97.00649768889214 99.75876637490317 100.67508888686677 101.61326316636728 100.80461424505181 93.59620005649644 100.86452476859354 109.1020354753174 95.47260578770779 100.69050031250494 109.60665327233664 100.8975918019729 89.58585882381657 105.14110468191632 106.31368883378259 91.19945025884851 88.80514099341184 95.03053464567489 98.2503582084623 100.4794032459682 98.97825569035815 98.33815685266293 100.07755258492539 89.07645679416511 99.34573089098086 106.08507910855099
103.6633611975573 103.38177548918806 105.45315309642926 107.70601355313438 107.09827696296958 107.36720275150066 98.00597117298265 101.26630522217958 92.4999362494027 99.58245523285696 104.41160296828963 93.86662106103422 111.52174656839631 91.1912981496568 103.58282175793452 97.98986139701091 97.26263611405813 104.56066097303868 106.34922645456142 96.2936419164309 109.18830547319445 91.33880226705541 98.36367242755215 103.24131503108539 0.0 111.44682855850137 91.6184941803776 95.27692699533716 95.76070229161647 99.70745842603975 98.83377974847599 93.35789224491758 93.79733707896769 100.86452476859354 102.89698348286967 97.62956854795247 103.97796071042738 102.15977774584593 95.89448436656288 103.6633611975573 100.3651266873009 97.00649768889214 106.03054154543645 102.10409993880596 100.60459708530969 103.2616483268351 101.3830007031319 101.88898240181346 100.17375221289295 91.33880226705541 105.01381083745382 99.03482146369338 100.69050031250494 104.9132404100949 99.6586155387392 106.03762314338863 93.61305334030384 98.02017431949443 101.82864948803679 100.34736135281413 115.97379609971584 106.51264906841205 102.20912814070749 100.90994180529363 103.35679681171302 89.58585882381657 92.18103603300523 108.80748891928206 105.36166508969845 93.2451486457933 102.68904886398087 105.46794174686185 102.68904886398087 92.18103603300523 108.58022512993475
99.03482146369338 99.76691697687113 95.38404991003169 107.60295816432588 97.98986139701091 99.91890792568796 106.20164297016522 101.34458988553408 88.80514099341184 92.18103603300523 101.20489204882686 91.57639750992657 94.87426807096611 102.9176264025636 100.73607297750992 106.1744763959976 101.3830007031319 99.06340565550931 96.6926685833011 97.15619472595213 105.04762038619447 107.53369164802893 100.23045418496393 99.91890792568796 111.44682855850137 0.0 105.37113742122284 95.68415024938516 106.08507910855099 106.34922645456142 84.41017888525523 97.69384496623488 100.02853144657541 96.16256404810026 88.17235873916275 112.74799923568663 103.16768315048735 91.1912981496568 99.69804587062113 98.19208520988842 98.25717932263186 102.20912814070749 99.27869913950407 98.35437492395822 102.34457447889332 98.91289149416063 92.34736786939129 100.97238898507815 99.27869913950407 98.474205328028 106.59202260385136 100.09863372662585 93.2451486457933 92.21459496504835 103.52617986339109 95.60766972552831 97.98080941320978 98.44430930255355 99.99085445052475 93.59620005649644 98.2264755234282 103.45536287756256 100.32042206670462 109.60665327233664 96.32988238881175 107.0866156497716 107.36720275150066 93.86662106103422 96.7487757493337 102.89698348286967 100.06822520645888 91.12624020141291 98.01205750521781 103.41686997985295 94.98980765043396
103.97796071042738 89.58585882381657 103.35679681171302 103.38177548918806 100.4794032459682 98.01205750521781 103.31806717816715 98.474205328028 101.2052466118362 102.9176264025636 98.10197450023375 95.53770166911399 100.17197393592643 100.63020806801104 101.13243931463371 93.2451486457933 103.2616483268351 95.36936975625872 99.59551081373417 108.88793456166223 102.23158894801023 108.82672429740228 84.41017888525523 94.76663735730878 91.6184941803776 105.37113742122284 0.0 106.46594499759496 102.61757252638729 91.58373598903117 102.7442282727046 101.3603080267925 98.44430930255355 102.28438882097227 100.91420060146449 106.36743166919791 109.43531478218037 100.73607297750992 98.82981919080878 99.72970649032119 100.32042206670462 100.74632215514376 97.47772270199343 98.11460184708733 100.99983074721027 103.91839804976618 94.17447188331253 93.90979211733075 107.7537352007349 97.98080941320978 100.99983074721027 108.97397208112722 95.83667756161967 104.41160296828963 93.9777568820998 103.52617986339109 99.18775739578547 102.85655071898732 101.35735588824322 99.75876637490317 91.6184941803776 90.75733957080158 102.37829186993201 95.46775940416026 106.03054154543645 101.67832839003842 101.32038042628966 102.9176264025636 95.75246463993545 106.87403304566101 98.02017431949443 93.61305334030384 92.19712199642464 100.33946285577737 96.81990585618765
100.19371625207735 99.37926148924059 96.16256404810026 104.0808560998104 95.32145956676639 101.28617813322577 101.07335186845265 102.85655071898732 107.53369164802893 97.04778706565142 88.17235873916275 99.9991499153366 99.62799165172996 109.60665327233664 99.55419745565406 107.53369164802893 99.82065535587004 105.04762038619447 99.55419745565406 101.13243931463371 99.42555198918957 93.84152532966462 101.08749466574275 111.44682855850137 95.27692699533716 95.68415024938516 106.46594499759496 0.0 90.24504113674091 105.14432323999056 103.24193947609048 100.91420060146449 102.80488632345238 101.69784056861323 96.26452604354648 98.11495320555015 100.32042206670462 104.63022982910228 100.07755258492539 100.55634546506266 93.35789224491758 98.33815685266293 96.01344801137947 102.21269495819115 89.8542992961644 90.09123301465289 101.2052466118362 107.8156314133787 92.21459496504835 95.83311718118883 99.58245523285696 97.15800418261739 105.22475664872756 106.11355916362245 100.86452476859354 106.03054154543645 98.9262403862488 100.34736135281413 104.9132404100949 104.41160296828963 92.19712199642464 98.20439326227952 91.12624020141291 95.10679712361541 107.001340282095 107.16491352437326 99.49613755944667 101.65112499868265 98.10197450023375 96.32988238881175 103.91192318181656 107.09827696296958 92.21459496504835 100.32042206670462 96.31676162645432
98.55529329915754 104.32520972657976 106.1744763959976 105.71864987823864 100.57342941805547 89.8542992961644 92.99600210700966 99.85235320708965 107.001340282095 100.55634546506266 102.89698348286967 106.13942658180659 94.53217941165167 88.17235873916275 93.57864734958568 104.74456253301443 103.45536287756256 104.32953338978436 98.8066214954474 97.60144000149396 104.32520972657976 100.34736135281413 101.14676944370356 108.58022512993475 95.76070229161647 106.08507910855099 102.61757252638729 90.24504113674091 0.0 93.83180179181673 102.9176264025636 94.55257478805 95.00398307064714 101.3830007031319 93.57864734958568 106.30221654666686 100.74907031227933 109.1020354753174 98.88182975535844 100.09714065967808 99.16160458779281 104.17319638623543 101.82043355432403 98.47963880679973 93.86662106103422 106.20164297016522 92.18103603300523 101.56737854977091 110.01481038380263 98.10197450023375 93.79733707896769 94.67201325049083 111.05878274630265 101.4600675704881 91.6184941803776 103.24131503108539 103.24131503108539 101.59697133901587 101.26630522217958 110.54656420931475 100.55634546506266 98.11495320555015 103.48936708062521 100.90139898454491 102.12272931418961 108.90755892280735 100.23045418496393 98.97825569035815 101.10663391854295 101.94689278184151 107.001340282095 102.57376975646828 98.01205750521781 110.54656420931475 102.65065696425386
