50
0.0 102.21410508611618 64.2000659022053 103.17770561055958 112.38044163877635 108.60426243155058 93.47769595022594 120.12797272103664 108.66925375591612 112.38044163877635 108.60426243155058 137.07662532893994 48.687075835294515 64.2000659022053 86.87850803298582 126.15358126647095 86.03817556719872 111.90353997163109 98.14771625327884 104.50370831398274 89.02047463627858 87.8279209748593 109.10363124181809 125.13954792191089 97.9690819816955 128.2340217311892 95.31251634233263 137.319313397085 116.85978455866265 72.66523994338077 66.89021666108479 81.44889930731776 97.16134734770657 86.9265961938047 97.16134734770657 104.09704945810176 64.2000659022053 108.8041027330894 55.648905336446845 111.88198447364543 67.19825047311787 72.0746357811834 95.26548109482246 106.65798830231198 126.03213610025186 139.31982658366042 89.02047463627858 102.85090671738739 85.66410865881318 86.30317261247534
102.21410508611618 0.0 126.03213610025186 126.03213610025186 124.72723804697179 133.05245249716575 85.1670420495991 101.62197084009587 114.2442165844283 119.78249326123506 119.72550748093329 109.10363124181809 60.30231868476023 116.63784418191656 116.05108320937532 114.41697623515802 86.30317261247534 88.12457880925207 106.65798830231198 68.44725468058962 67.19825047311787 116.05108320937532 34.24897084192652 153.29584318883838 110.62452780946482 69.2322788291496 106.19990591438507 125.7897555124737 90.92575290618117 61.733218451046966 91.64497009151711 131.412164662443 86.9265961938047 113.18863574874099 71.15680482554691 82.44108940408209 82.44108940408209 134.01513994737513 113.59722932724665 138.19975563719953 126.95380549176602 157.65362612992453 108.8041027330894 34.24897084192652 102.08433149331458 123.1247461050253 120.12797272103664 99.4617591311339 70.50971583495628 113.18863574874099
64.2000659022053 126.03213610025186 0.0 85.5225016509861 98.14771625327884 85.1670420495991 71.61754752208438 48.687075835294515 130.45950883855318 108.68182913550021 71.15680482554691 137.319313397085 114.37999461810915 75.22845857076759 75.78591369875375 86.60658571263654 81.63369281821618 116.85978455866265 108.66925375591612 56.3010240428554 141.5601999010961 106.65798830231198 115.4370136957335 132.82243052603124 89.77970422786888 82.70435860946198 66.17619372508122 98.22096445103561 75.37007091812691 114.37882108469023 81.44889930731776 81.63369281821618 73.72959224402986 96.37881259057922 84.56355689030684 105.02470333065064 136.08533921891168 84.80428118881773 104.09704945810176 86.94770625481384 116.46456013193881 119.78249326123506 105.11615713740093 68.47358359114426 108.2914100254828 98.46462832285171 157.65362612992453 91.64497009151711 71.61754752208438 91.76736697233542
103.17770561055958 126.03213610025186 85.5225016509861 0.0 81.7518714527738 90.92575290618117 71.61754752208438 71.15680482554691 100.77784230323245 82.70435860946198 116.35912531989436 75.41945205626696 116.46456013193881 100.6883288283351 112.11206136597178 114.41697623515802 129.14996918307634 145.33615823791092 114.82238463761993 97.16134734770657 157.65362612992453 135.48175869770324 106.65798830231198 112.11206136597178 72.0746357811834 108.66925375591612 85.5225016509861 43.27533913225472 130.61803204475274 113.59722932724665 62.10417418767154 126.20824546142622 112.59575716498138 134.77623211679276 126.95380549176602 101.12568843409365 71.79424017431268 83.37481181373062 141.339159747638 96.93668178367423 134.77623211679276 94.0107436900299 93.47769595022594 153.29584318883838 65.52036672609898 102.21410508611618 69.95961628626307 60.30231868476023 125.13954792191089 102.21410508611618
112.38044163877635 124.72723804697179 98.14771625327884 81.7518714527738 0.0 137.67128786787583 81.7518714527738 87.86508099968347 128.2340217311892 116.44208804787604 69.10628137080869 111.90353997163109 93.54057960951461 85.66410865881318 110.8146580536843 135.48175869770324 114.37999461810915 136.08533921891168 132.89826929321498 79.86920933408751 99.50340560402205 138.37234084325073 143.34803438105854 94.0107436900299 86.61103388678508 102.54759796864394 141.339159747638 98.46462832285171 111.88198447364543 125.13954792191089 88.59622200906679 105.02470333065064 125.04453623758616 144.14323638460866 114.44564594883092 86.29871043374247 119.78249326123506 101.62197084009587 131.8326218798768 140.23904614067223 145.33615823791092 68.47358359114426 64.76753462034989 132.82243052603124 118.55436932654163 137.07662532893994 113.18863574874099 114.44564594883092 123.81671081288304 84.80428118881773
108.60426243155058 133.05245249716575 85.1670420495991 90.92575290618117 137.67128786787583 0.0 75.37007091812691 112.11206136597178 115.85005740741538 102.54759796864394 86.13943890955738 66.89021666108479 86.13943890955738 75.98925381845831 86.9265961938047 102.54759796864394 119.37825328734144 95.80862077369513 143.8115114866921 120.12797272103664 136.08533921891168 118.55436932654163 111.90341041088818 82.70435860946198 102.50318250418593 111.90341041088818 86.9265961938047 85.80879985066169 108.326387844452 62.10417418767154 111.90341041088818 95.80862077369513 87.86508099968347 65.52036672609898 141.339159747638 72.61979521724592 127.9808202334688 70.1148874086897 86.94770625481384 93.95634693961303 111.90353997163109 94.0107436900299 137.07662532893994 83.29804366683263 135.48175869770324 117.54229732539969 111.90353997163109 121.48979283214486 113.18863574874099 115.4370136957335
93.47769595022594 85.1670420495991 71.61754752208438 71.61754752208438 81.7518714527738 75.37007091812691 0.0 43.27533913225472 125.76765858546932 121.48979283214486 41.1476675945789 119.65625381856273 64.2000659022053 147.8618644798029 114.82238463761993 100.6883288283351 100.63934665101294 108.8041027330894 98.46462832285171 93.47769595022594 71.61754752208438 116.63784418191656 65.20283198619549 104.50370831398274 133.05245249716575 76.17364832928311 104.09704945810176 116.85978455866265 104.50370831398274 102.08433149331458 61.733218451046966 46.96769482287117 93.87089676937583 119.65625381856273 111.90341041088818 123.81671081288304 98.14771625327884 151.471838344563 75.98925381845831 97.16134734770657 134.77623211679276 134.01513994737513 96.00051949341186 116.85978455866265 100.69773799339721 110.62452780946482 141.5601999010961 98.46462832285171 116.05108320937532 37.822357654770634
120.12797272103664 101.62197084009587 48.687075835294515 71.15680482554691 87.86508099968347 112.11206136597178 43.27533913225472 0.0 85.66410865881318 76.17364832928311 101.59866650934285 112.24023984533022 119.42789980427196 110.62452780946482 114.37882108469023 81.84698582485046 116.46456013193881 162.2429745867682 96.48801911553622 82.95783798020629 147.8618644798029 75.41945205626696 115.4370136957335 137.07662532893994 72.61979521724592 65.20283198619549 123.81671081288304 69.95961628626307 86.61103388678508 116.85978455866265 98.14771625327884 91.71443510130388 156.32280657131787 88.59622200906679 72.0746357811834 65.20283198619549 125.7897555124737 72.66523994338077 108.326387844452 112.38044163877635 102.85090671738739 92.5129816345471 60.30231868476023 75.22845857076759 95.31251634233263 121.27388919508458 106.65798830231198 118.55436932654163 116.63784418191656 91.64497009151711
108.66925375591612 114.2442165844283 130.45950883855318 100.77784230323245 128.2340217311892 115.85005740741538 125.76765858546932 85.66410865881318 0.0 135.45592246583362 66.89021666108479 129.14996918307634 116.0150999746739 114.2442165844283 62.235757556666634 119.65625381856273 85.5225016509861 76.17364832928311 130.61803204475274 121.27388919508458 116.44208804787604 97.9690819816955 134.01513994737513 48.687075835294515 34.24897084192652 82.70435860946198 102.85090671738739 93.95634693961303 100.77784230323245 61.466880391791214 98.22096445103561 109.8002304097515 101.12179893966 102.85090671738739 80.4047324499642 113.59722932724665 86.30317261247534 81.84698582485046 116.63784418191656 114.41697623515802 115.85005740741538 114.2442165844283 113.59722932724665 98.14771625327884 86.30317261247534 93.54057960951461 72.0746357811834 116.05108320937532 65.52036672609898 101.62197084009587
112.38044163877635 119.78249326123506 108.68182913550021 82.70435860946198 116.44208804787604 102.54759796864394 121.48979283214486 76.17364832928311 135.45592246583362 0.0 68.44725468058962 121.48979283214486 135.45592246583362 86.13943890955738 114.44564594883092 51.77266550143625 48.687075835294515 132.9134021869466 128.8374500343884 108.37722651346274 114.2442165844283 86.94770625481384 127.65855456718586 126.95380549176602 116.44208804787604 112.38044163877635 108.2914100254828 136.08533921891168 119.37825328734144 108.60426243155058 69.2322788291496 114.44564594883092 105.64092719809733 100.77784230323245 123.1247461050253 71.79424017431268 83.29804366683263 96.00051949341186 137.67128786787583 118.24043164193097 58.341478887192686 77.49400317933676 113.18863574874099 62.10417418767154 141.65986631129775 157.65362612992453 89.77970422786888 41.1476675945789 118.55436932654163 91.71443510130388
108.60426243155058 119.72550748093329 71.15680482554691 116.35912531989436 69.10628137080869 86.13943890955738 41.1476675945789 101.59866650934285 66.89021666108479 68.44725468058962 0.0 46.96769482287117 81.63369281821618 89.02047463627858 143.34803438105854 62.235757556666634 108.8041027330894 115.49582976592988 69.95961628626307 51.77266550143625 101.12568843409365 114.82238463761993 116.63784418191656 84.63956010394593 108.60426243155058 108.37722651346274 75.37007091812691 132.89826929321498 112.11206136597178 86.03817556719872 89.77970422786888 73.72959224402986 86.60658571263654 82.70435860946198 56.3010240428554 153.7113931513851 106.17282052790904 79.86920933408751 105.02470333065064 137.4308837374228 109.10363124181809 65.20283198619549 109.10363124181809 65.52036672609898 120.05947801812098 114.37999461810915 123.1247461050253 114.41697623515802 143.8115114866921 71.79424017431268
137.07662532893994 109.10363124181809 137.319313397085 75.41945205626696 111.90353997163109 66.89021666108479 119.65625381856273 112.24023984533022 129.14996918307634 121.48979283214486 46.96769482287117 0.0 37.822357654770634 123.1247461050253 70.50971583495628 86.60658571263654 46.96769482287117 108.8041027330894 114.41697623515802 131.412164662443 118.24043164193097 81.44889930731776 140.23904614067223 66.89021666108479 133.05245249716575 95.80862077369513 111.90353997163109 70.50971583495628 82.95783798020629 119.65625381856273 120.12797272103664 119.37825328734144 71.79424017431268 62.10417418767154 93.47769595022594 124.86320023644132 98.22096445103561 88.59622200906679 108.09570560186924 146.2823954505344 91.64497009151711 99.50340560402205 82.08474999969782 141.339159747638 115.49582976592988 41.1476675945789 140.23904614067223 98.14771625327884 121.27388919508458 48.687075835294515
48.687075835294515 60.30231868476023 114.37999461810915 116.46456013193881 93.54057960951461 86.13943890955738 64.2000659022053 119.42789980427196 116.0150999746739 135.45592246583362 81.63369281821618 37.822357654770634 0.0 135.48175869770324 123.81671081288304 64.77045016628725 126.15358126647095 119.65625381856273 82.95783798020629 120.14780449482839 135.48175869770324 131.412164662443 85.09985577294464 122.63232294355332 86.13943890955738 86.61103388678508 133.05245249716575 121.48979283214486 137.07662532893994 94.23273320497036 162.2429745867682 117.54229732539969 134.77623211679276 38.69036713525165 98.14771625327884 108.8041027330894 116.85978455866265 91.76736697233542 117.54229732539969 123.1247461050253 46.96769482287117 126.20824546142622 114.44564594883092 113.18863574874099 157.65362612992453 124.72723804697179 64.76753462034989 108.60426243155058 91.76736697233542 156.32280657131787
64.2000659022053 116.63784418191656 75.22845857076759 100.6883288283351 85.66410865881318 75.98925381845831 147.8618644798029 110.62452780946482 114.2442165844283 86.13943890955738 89.02047463627858 123.1247461050253 135.48175869770324 0.0 87.86508099968347 68.47358359114426 144.14323638460866 84.80428118881773 96.37881259057922 104.09704945810176 81.7518714527738 58.341478887192686 141.5601999010961 110.62452780946482 34.24897084192652 51.77266550143625 99.4617591311339 88.59622200906679 143.8115114866921 105.02470333065064 123.1247461050253 144.14323638460866 114.2442165844283 61.733218451046966 62.235757556666634 81.44889930731776 120.05947801812098 118.98141334451758 98.46462832285171 64.2000659022053 147.8618644798029 38.69036713525165 86.61103388678508 108.09570560186924 86.13943890955738 179.30878943632396 91.64497009151711 97.9690819816955 108.09570560186924 125.76765858546932
86.87850803298582 116.05108320937532 75.78591369875375 112.11206136597178 110.8146580536843 86.9265961938047 114.82238463761993 114.37882108469023 62.235757556666634 114.44564594883092 143.34803438105854 70.50971583495628 123.81671081288304 87.86508099968347 0.0 100.69773799339721 141.339159747638 153.29584318883838 138.37234084325073 111.88198447364543 78.31630317317233 96.37881259057922 85.80879985066169 101.59866650934285 100.63934665101294 89.77970422786888 49.43329693423459 132.82243052603124 127.75658344537011 135.48175869770324 92.5129816345471 64.2000659022053 112.24023984533022 118.24043164193097 67.19825047311787 64.2000659022053 114.41697623515802 132.89826929321498 135.45592246583362 100.63934665101294 80.4047324499642 112.24023984533022 125.04453623758616 105.64092719809733 68.44725468058962 137.07662532893994 100.69773799339721 81.84698582485046 113.59722932724665 102.21410508611618
126.15358126647095 114.41697623515802 86.60658571263654 114.41697623515802 135.48175869770324 102.54759796864394 100.6883288283351 81.84698582485046 119.65625381856273 51.77266550143625 62.235757556666634 86.60658571263654 64.77045016628725 68.47358359114426 100.69773799339721 0.0 119.42789980427196 69.10628137080869 83.37481181373062 99.4617591311339 110.8146580536843 93.95634693961303 125.04453623758616 48.687075835294515 73.72959224402986 116.63784418191656 108.2914100254828 49.43329693423459 86.61103388678508 125.76765858546932 120.05947801812098 60.30231868476023 108.37722651346274 91.76736697233542 58.341478887192686 135.45592246583362 68.44725468058962 119.78249326123506 72.0746357811834 60.30231868476023 108.60426243155058 112.59575716498138 106.65798830231198 147.8618644798029 141.339159747638 86.60658571263654 100.69773799339721 56.3010240428554 114.82238463761993 98.14771625327884
86.03817556719872 86.30317261247534 81.63369281821618 129.14996918307634 114.37999461810915 119.37825328734144 100.63934665101294 116.46456013193881 85.5225016509861 48.687075835294515 108.8041027330894 46.96769482287117 126.15358126647095 144.14323638460866 141.339159747638 119.42789980427196 0.0 69.2322788291496 144.14323638460866 86.13943890955738 91.71443510130388 75.22845857076759 108.66925375591612 112.11206136597178 126.15358126647095 129.14996918307634 96.93668178367423 162.2429745867682 85.09985577294464 55.648905336446845 100.63934665101294 102.54759796864394 116.35912531989436 112.24023984533022 124.86320023644132 137.67128786787583 118.24043164193097 141.65986631129775 97.9690819816955 104.50370831398274 69.10628137080869 95.26548109482246 56.3010240428554 109.10363124181809 135.14485666238372 137.319313397085 68.47358359114426 75.37007091812691 114.41697623515802 111.90341041088818
111.90353997163109 88.12457880925207 116.85978455866265 145.33615823791092 136.08533921891168 95.80862077369513 108.8041027330894 162.2429745867682 76.17364832928311 132.9134021869466 115.49582976592988 108.8041027330894 119.65625381856273 84.80428118881773 153.29584318883838 69.10628137080869 69.2322788291496 0.0 125.61933614791847 98.14771625327884 126.95380549176602 98.46462832285171 108.68182913550021 100.77784230323245 138.37234084325073 126.03213610025186 51.77266550143625 84.56355689030684 137.319313397085 108.66925375591612 69.95961628626307 138.37234084325073 68.44725468058962 127.9808202334688 71.61754752208438 61.733218451046966 132.89826929321498 138.37234084325073 95.26548109482246 72.0746357811834 75.98925381845831 100.63934665101294 125.76765858546932 70.50971583495628 151.471838344563 75.78591369875375 115.4370136957335 141.339159747638 38.69036713525165 123.1247461050253
98.14771625327884 106.65798830231198 108.66925375591612 114.82238463761993 132.89826929321498 143.8115114866921 98.46462832285171 96.48801911553622 130.61803204475274 128.8374500343884 69.95961628626307 114.41697623515802 82.95783798020629 96.37881259057922 138.37234084325073 83.37481181373062 144.14323638460866 125.61933614791847 0.0 86.87850803298582 61.733218451046966 72.0746357811834 144.14323638460866 48.687075835294515 43.27533913225472 143.34803438105854 119.37825328734144 125.76765858546932 115.4370136957335 140.23904614067223 141.65986631129775 105.11615713740093 85.80879985066169 85.1670420495991 96.93668178367423 143.34803438105854 86.03817556719872 86.29871043374247 108.326387844452 108.68182913550021 107.99026920679714 102.50318250418593 101.12179893966 81.44889930731776 123.81671081288304 41.1476675945789 51.35516417195996 71.56830190977703 104.09704945810176 72.66523994338077
104.50370831398274 68.44725468058962 56.3010240428554 97.16134734770657 79.86920933408751 120.12797272103664 93.47769595022594 82.95783798020629 121.27388919508458 108.37722651346274 51.77266550143625 131.412164662443 120.14780449482839 104.09704945810176 111.88198447364543 99.4617591311339 86.13943890955738 98.14771625327884 86.87850803298582 0.0 114.37999461810915 128.8374500343884 162.2429745867682 116.86579420471882 118.55436932654163 119.37825328734144 127.9808202334688 126.95380549176602 118.24043164193097 136.08533921891168 113.59722932724665 71.15680482554691 105.11615713740093 102.83283468278269 106.65798830231198 61.733218451046966 115.49582976592988 102.83283468278269 48.687075835294515 105.02470333065064 119.37825328734144 66.17619372508122 129.14996918307634 137.07662532893994 114.44564594883092 95.80862077369513 132.82243052603124 77.49400317933676 120.12797272103664 104.27696671095065
89.02047463627858 67.19825047311787 141.5601999010961 157.65362612992453 99.50340560402205 136.08533921891168 71.61754752208438 147.8618644798029 116.44208804787604 114.2442165844283 101.12568843409365 118.24043164193097 135.48175869770324 81.7518714527738 78.31630317317233 110.8146580536843 91.71443510130388 126.95380549176602 61.733218451046966 114.37999461810915 0.0 106.65798830231198 94.0107436900299 137.07662532893994 98.14771625327884 75.37007091812691 81.7518714527738 69.10628137080869 70.1148874086897 78.31630317317233 72.61979521724592 112.24023984533022 151.471838344563 102.85090671738739 75.98925381845831 104.27696671095065 81.44889930731776 99.4617591311339 92.5129816345471 83.37481181373062 98.22096445103561 49.43329693423459 98.46462832285171 68.47358359114426 56.3010240428554 132.89826929321498 90.92575290618117 116.86579420471882 86.9265961938047 95.80862077369513
87.8279209748593 116.05108320937532 106.65798830231198 135.48175869770324 138.37234084325073 118.55436932654163 116.63784418191656 75.41945205626696 97.9690819816955 86.94770625481384 114.82238463761993 81.44889930731776 131.412164662443 58.341478887192686 96.37881259057922 93.95634693961303 75.22845857076759 98.46462832285171 72.0746357811834 128.8374500343884 106.65798830231198 0.0 108.68182913550021 78.31630317317233 118.55436932654163 71.61754752208438 76.67047135857334 116.44208804787604 132.9134021869466 60.30231868476023 118.24043164193097 90.92575290618117 109.41105084522071 72.61979521724592 125.04453623758616 111.90353997163109 65.20283198619549 82.08474999969782 71.56830190977703 73.72959224402986 69.2322788291496 108.09570560186924 104.09704945810176 127.75658344537011 76.67047135857334 46.96769482287117 125.13954792191089 96.93668178367423 43.27533913225472 96.48801911553622
109.10363124181809 34.24897084192652 115.4370136957335 106.65798830231198 143.34803438105854 111.90341041088818 65.20283198619549 115.4370136957335 134.01513994737513 127.65855456718586 116.63784418191656 140.23904614067223 85.09985577294464 141.5601999010961 85.80879985066169 125.04453623758616 108.66925375591612 108.68182913550021 144.14323638460866 162.2429745867682 94.0107436900299 108.68182913550021 0.0 70.50971583495628 150.4176376908355 89.02047463627858 141.65986631129775 108.326387844452 105.11615713740093 106.19990591438507 105.64092719809733 110.62452780946482 108.326387844452 65.20283198619549 64.76753462034989 104.27696671095065 60.30231868476023 82.95783798020629 99.4617591311339 135.48175869770324 116.35912531989436 119.42789980427196 114.41697623515802 73.72959224402986 111.90341041088818 105.02470333065064 106.19990591438507 84.56355689030684 51.35516417195996 61.733218451046966
125.13954792191089 153.29584318883838 132.82243052603124 112.11206136597178 94.0107436900299 82.70435860946198 104.50370831398274 137.07662532893994 48.687075835294515 126.95380549176602 84.63956010394593 66.89021666108479 122.63232294355332 110.62452780946482 101.59866650934285 48.687075835294515 112.11206136597178 100.77784230323245 48.687075835294515 116.86579420471882 137.07662532893994 78.31630317317233 70.50971583495628 0.0 112.59575716498138 86.30317261247534 138.19975563719953 102.54759796864394 88.59622200906679 104.50370831398274 89.02047463627858 108.68182913550021 67.19825047311787 91.64497009151711 97.9690819816955 114.82238463761993 137.319313397085 76.17364832928311 61.466880391791214 83.99740328121814 85.1670420495991 100.69773799339721 108.68182913550021 73.72959224402986 104.09704945810176 108.2914100254828 43.27533913225472 127.65855456718586 103.17770561055958 105.11615713740093
97.9690819816955 110.62452780946482 89.77970422786888 72.0746357811834 86.61103388678508 102.50318250418593 133.05245249716575 72.61979521724592 34.24897084192652 116.44208804787604 108.60426243155058 133.05245249716575 86.13943890955738 34.24897084192652 100.63934665101294 73.72959224402986 126.15358126647095 138.37234084325073 43.27533913225472 118.55436932654163 98.14771625327884 118.55436932654163 150.4176376908355 112.59575716498138 0.0 75.78591369875375 157.65362612992453 81.44889930731776 58.341478887192686 128.2340217311892 81.44889930731776 112.24023984533022 98.46462832285171 101.12179893966 89.77970422786888 150.4176376908355 84.80428118881773 121.13562940155907 72.61979521724592 134.01513994737513 83.37481181373062 135.48175869770324 150.4176376908355 115.85005740741538 87.8279209748593 76.67047135857334 81.7518714527738 127.9808202334688 91.76736697233542 114.37882108469023
128.2340217311892 69.2322788291496 82.70435860946198 108.66925375591612 102.54759796864394 111.90341041088818 76.17364832928311 65.20283198619549 82.70435860946198 112.38044163877635 108.37722651346274 95.80862077369513 86.61103388678508 51.77266550143625 89.77970422786888 116.63784418191656 129.14996918307634 126.03213610025186 143.34803438105854 119.37825328734144 75.37007091812691 71.61754752208438 89.02047463627858 86.30317261247534 75.78591369875375 0.0 126.95380549176602 115.85005740741538 38.69036713525165 118.55436932654163 134.01513994737513 98.46462832285171 116.63784418191656 70.1148874086897 108.2914100254828 34.24897084192652 79.86920933408751 58.341478887192686 150.4176376908355 104.50370831398274 111.90341041088818 137.67128786787583 69.10628137080869 70.50971583495628 91.64497009151711 116.35912531989436 89.02047463627858 112.24023984533022 102.85090671738739 93.47769595022594
95.31251634233263 106.19990591438507 66.17619372508122 85.5225016509861 141.339159747638 86.9265961938047 104.09704945810176 123.81671081288304 102.85090671738739 108.2914100254828 75.37007091812691 111.90353997163109 133.05245249716575 99.4617591311339 49.43329693423459 108.2914100254828 96.93668178367423 51.77266550143625 119.37825328734144 127.9808202334688 81.7518714527738 76.67047135857334 141.65986631129775 138.19975563719953 157.65362612992453 126.95380549176602 0.0 143.34803438105854 116.44208804787604 113.59722932724665 91.76736697233542 76.17364832928311 75.41945205626696 76.67047135857334 60.30231868476023 121.13562940155907 130.45950883855318 99.50340560402205 115.49582976592988 132.82243052603124 100.6883288283351 127.9808202334688 80.4047324499642 125.7897555124737 108.8041027330894 37.822357654770634 109.8002304097515 114.82238463761993 86.9265961938047 132.89826929321498
137.319313397085 125.7897555124737 98.22096445103561 43.27533913225472 98.46462832285171 85.80879985066169 116.85978455866265 69.95961628626307 93.95634693961303 136.08533921891168 132.89826929321498 70.50971583495628 121.48979283214486 88.59622200906679 132.82243052603124 49.43329693423459 162.2429745867682 84.56355689030684 125.76765858546932 126.95380549176602 69.10628137080869 116.44208804787604 108.326387844452 102.54759796864394 81.44889930731776 115.85005740741538 143.34803438105854 0.0 83.99740328121814 120.12797272103664 125.61933614791847 95.80862077369513 99.4617591311339 108.37722651346274 49.43329693423459 114.37882108469023 153.7113931513851 43.27533913225472 162.2429745867682 108.326387844452 101.59866650934285 143.34803438105854 105.02470333065064 122.63232294355332 102.50318250418593 111.90341041088818 68.44725468058962 96.37881259057922 93.54057960951461 112.59575716498138
116.85978455866265 90.92575290618117 75.37007091812691 130.61803204475274 111.88198447364543 108.326387844452 104.50370831398274 86.61103388678508 100.77784230323245 119.37825328734144 112.11206136597178 82.95783798020629 137.07662532893994 143.8115114866921 127.75658344537011 86.61103388678508 85.09985577294464 137.319313397085 115.4370136957335 118.24043164193097 70.1148874086897 132.9134021869466 105.11615713740093 88.59622200906679 58.341478887192686 38.69036713525165 116.44208804787604 83.99740328121814 0.0 64.76753462034989 112.11206136597178 87.8279209748593 112.38044163877635 92.5129816345471 105.11615713740093 137.4308837374228 85.5225016509861 127.9808202334688 102.21410508611618 123.1247461050253 111.88198447364543 41.1476675945789 91.64497009151711 85.09985577294464 101.12179893966 96.00051949341186 62.235757556666634 94.0107436900299 81.63369281821618 131.412164662443
72.66523994338077 61.733218451046966 114.37882108469023 113.59722932724665 125.13954792191089 62.10417418767154 102.08433149331458 116.85978455866265 61.466880391791214 108.60426243155058 86.03817556719872 119.65625381856273 94.23273320497036 105.02470333065064 135.48175869770324 125.76765858546932 55.648905336446845 108.66925375591612 140.23904614067223 136.08533921891168 78.31630317317233 60.30231868476023 106.19990591438507 104.50370831398274 128.2340217311892 118.55436932654163 113.59722932724665 120.12797272103664 64.76753462034989 0.0 106.65798830231198 51.35516417195996 70.50971583495628 111.88198447364543 143.34803438105854 131.8326218798768 125.13954792191089 137.4308837374228 119.72550748093329 108.37722651346274 116.44208804787604 84.80428118881773 105.11615713740093 111.88198447364543 41.1476675945789 89.77970422786888 86.9265961938047 144.14323638460866 108.66925375591612 89.02047463627858
66.89021666108479 91.64497009151711 81.44889930731776 62.10417418767154 88.59622200906679 111.90341041088818 61.733218451046966 98.14771625327884 98.22096445103561 69.2322788291496 89.77970422786888 120.12797272103664 162.2429745867682 123.1247461050253 92.5129816345471 120.05947801812098 100.63934665101294 69.95961628626307 141.65986631129775 113.59722932724665 72.61979521724592 118.24043164193097 105.64092719809733 89.02047463627858 81.44889930731776 134.01513994737513 91.76736697233542 125.61933614791847 112.11206136597178 106.65798830231198 0.0 118.55436932654163 93.95634693961303 124.72723804697179 106.65798830231198 83.29804366683263 94.23273320497036 120.14780449482839 114.37882108469023 101.12179893966 125.04453623758616 114.82238463761993 81.84698582485046 95.26548109482246 83.37481181373062 96.48801911553622 64.76753462034989 121.48979283214486 91.71443510130388 85.66410865881318
81.44889930731776 131.412164662443 81.63369281821618 126.20824546142622 105.02470333065064 95.80862077369513 46.96769482287117 91.71443510130388 109.8002304097515 114.44564594883092 73.72959224402986 119.37825328734144 117.54229732539969 144.14323638460866 64.2000659022053 60.30231868476023 102.54759796864394 138.37234084325073 105.11615713740093 71.15680482554691 112.24023984533022 90.92575290618117 110.62452780946482 108.68182913550021 112.24023984533022 98.46462832285171 76.17364832928311 95.80862077369513 87.8279209748593 51.35516417195996 118.55436932654163 0.0 104.50370831398274 87.8279209748593 143.34803438105854 122.63232294355332 71.79424017431268 71.79424017431268 97.16134734770657 102.50318250418593 112.24023984533022 61.466880391791214 147.8618644798029 120.12797272103664 75.98925381845831 135.48175869770324 119.37825328734144 75.37007091812691 81.84698582485046 135.45592246583362
97.16134734770657 86.9265961938047 73.72959224402986 112.59575716498138 125.04453623758616 87.86508099968347 93.87089676937583 156.32280657131787 101.12179893966 105.64092719809733 86.60658571263654 71.79424017431268 134.77623211679276 114.2442165844283 112.24023984533022 108.37722651346274 116.35912531989436 68.44725468058962 85.80879985066169 105.11615713740093 151.471838344563 109.41105084522071 108.326387844452 67.19825047311787 98.46462832285171 116.63784418191656 75.41945205626696 99.4617591311339 112.38044163877635 70.50971583495628 93.95634693961303 104.50370831398274 0.0 116.05108320937532 156.32280657131787 100.77784230323245 116.63784418191656 138.19975563719953 34.24897084192652 87.86508099968347 84.80428118881773 62.10417418767154 121.48979283214486 131.412164662443 66.89021666108479 89.77970422786888 123.1247461050253 137.67128786787583 95.80862077369513 132.89826929321498
86.9265961938047 113.18863574874099 96.37881259057922 134.77623211679276 144.14323638460866 65.52036672609898 119.65625381856273 88.59622200906679 102.85090671738739 100.77784230323245 82.70435860946198 62.10417418767154 38.69036713525165 61.733218451046966 118.24043164193097 91.76736697233542 112.24023984533022 127.9808202334688 85.1670420495991 102.83283468278269 102.85090671738739 72.61979521724592 65.20283198619549 91.64497009151711 101.12179893966 70.1148874086897 76.67047135857334 108.37722651346274 92.5129816345471 111.88198447364543 124.72723804697179 87.8279209748593 116.05108320937532 0.0 104.27696671095065 96.48801911553622 86.94770625481384 98.46462832285171 130.61803204475274 115.49582976592988 96.48801911553622 85.80879985066169 85.80879985066169 68.47358359114426 81.44889930731776 64.2000659022053 76.17364832928311 96.93668178367423 71.61754752208438 108.66925375591612
97.16134734770657 71.15680482554691 84.56355689030684 126.95380549176602 114.44564594883092 141.339159747638 111.90341041088818 72.0746357811834 80.4047324499642 123.1247461050253 56.3010240428554 93.47769595022594 98.14771625327884 62.235757556666634 67.19825047311787 58.341478887192686 124.86320023644132 71.61754752208438 96.93668178367423 106.65798830231198 75.98925381845831 125.04453623758616 64.76753462034989 97.9690819816955 89.77970422786888 108.2914100254828 60.30231868476023 49.43329693423459 105.11615713740093 143.34803438105854 106.65798830231198 143.34803438105854 156.32280657131787 104.27696671095065 0.0 147.8618644798029 137.4308837374228 84.80428118881773 108.60426243155058 127.9808202334688 130.45950883855318 110.8146580536843 64.76753462034989 126.20824546142622 132.82243052603124 135.48175869770324 41.1476675945789 96.48801911553622 109.8002304097515 116.44208804787604
104.09704945810176 82.44108940408209 105.02470333065064 101.12568843409365 86.29871043374247 72.61979521724592 123.81671081288304 65.20283198619549 113.59722932724665 71.79424017431268 153.7113931513851 124.86320023644132 108.8041027330894 81.44889930731776 64.2000659022053 135.45592246583362 137.67128786787583 61.733218451046966 143.34803438105854 61.733218451046966 104.27696671095065 111.90353997163109 104.27696671095065 114.82238463761993 150.4176376908355 34.24897084192652 121.13562940155907 114.37882108469023 137.4308837374228 131.8326218798768 83.29804366683263 122.63232294355332 100.77784230323245 96.48801911553622 147.8618644798029 0.0 116.86579420471882 132.89826929321498 56.3010240428554 89.02047463627858 116.86579420471882 125.7897555124737 112.11206136597178 156.32280657131787 112.38044163877635 125.7897555124737 91.64497009151711 125.76765858546932 127.65855456718586 46.96769482287117
64.2000659022053 82.44108940408209 136.08533921891168 71.79424017431268 119.78249326123506 127.9808202334688 98.14771625327884 125.7897555124737 86.30317261247534 83.29804366683263 106.17282052790904 98.22096445103561 116.85978455866265 120.05947801812098 114.41697623515802 68.44725468058962 118.24043164193097 132.89826929321498 86.03817556719872 115.49582976592988 81.44889930731776 65.20283198619549 60.30231868476023 137.319313397085 84.80428118881773 79.86920933408751 130.45950883855318 153.7113931513851 85.5225016509861 125.13954792191089 94.23273320497036 71.79424017431268 116.63784418191656 86.94770625481384 137.4308837374228 116.86579420471882 0.0 141.339159747638 62.235757556666634 69.2322788291496 104.09704945810176 64.2000659022053 55.648905336446845 123.81671081288304 106.17282052790904 86.94770625481384 91.64497009151711 101.12179893966 102.85090671738739 132.9134021869466
108.8041027330894 134.01513994737513 84.80428118881773 83.37481181373062 101.62197084009587 70.1148874086897 151.471838344563 72.66523994338077 81.84698582485046 96.00051949341186 79.86920933408751 88.59622200906679 91.76736697233542 118.98141334451758 132.89826929321498 119.78249326123506 141.65986631129775 138.37234084325073 86.29871043374247 102.83283468278269 99.4617591311339 82.08474999969782 82.95783798020629 76.17364832928311 121.13562940155907 58.341478887192686 99.50340560402205 43.27533913225472 127.9808202334688 137.4308837374228 120.14780449482839 71.79424017431268 138.19975563719953 98.46462832285171 84.80428118881773 132.89826929321498 141.339159747638 0.0 108.60426243155058 82.08474999969782 56.3010240428554 116.35912531989436 116.44208804787604 62.10417418767154 49.43329693423459 80.4047324499642 75.41945205626696 75.37007091812691 118.98141334451758 151.471838344563
55.648905336446845 113.59722932724665 104.09704945810176 141.339159747638 131.8326218798768 86.94770625481384 75.98925381845831 108.326387844452 116.63784418191656 137.67128786787583 105.02470333065064 108.09570560186924 117.54229732539969 98.46462832285171 135.45592246583362 72.0746357811834 97.9690819816955 95.26548109482246 108.326387844452 48.687075835294515 92.5129816345471 71.56830190977703 99.4617591311339 61.466880391791214 72.61979521724592 150.4176376908355 115.49582976592988 162.2429745867682 102.21410508611618 119.72550748093329 114.37882108469023 97.16134734770657 34.24897084192652 130.61803204475274 108.60426243155058 56.3010240428554 62.235757556666634 108.60426243155058 0.0 64.77045016628725 71.61754752208438 91.64497009151711 150.4176376908355 108.68182913550021 116.86579420471882 108.8041027330894 138.19975563719953 46.96769482287117 108.68182913550021 62.10417418767154
111.88198447364543 138.19975563719953 86.94770625481384 96.93668178367423 140.23904614067223 93.95634693961303 97.16134734770657 112.38044163877635 114.41697623515802 118.24043164193097 137.4308837374228 146.2823954505344 123.1247461050253 64.2000659022053 100.63934665101294 60.30231868476023 104.50370831398274 72.0746357811834 108.68182913550021 105.02470333065064 83.37481181373062 73.72959224402986 135.48175869770324 83.99740328121814 134.01513994737513 104.50370831398274 132.82243052603124 108.326387844452 123.1247461050253 108.37722651346274 101.12179893966 102.50318250418593 87.86508099968347 115.49582976592988 127.9808202334688 89.02047463627858 69.2322788291496 82.08474999969782 64.77045016628725 0.0 98.22096445103561 104.50370831398274 84.80428118881773 119.42789980427196 88.59622200906679 136.08533921891168 86.9265961938047 162.2429745867682 41.1476675945789 108.2914100254828
67.19825047311787 126.95380549176602 116.46456013193881 134.77623211679276 145.33615823791092 111.90353997163109 134.77623211679276 102.85090671738739 115.85005740741538 58.341478887192686 109.10363124181809 91.64497009151711 46.96769482287117 147.8618644798029 80.4047324499642 108.60426243155058 69.10628137080869 75.98925381845831 107.99026920679714 119.37825328734144 98.22096445103561 69.2322788291496 116.35912531989436 85.1670420495991 83.37481181373062 111.90341041088818 100.6883288283351 101.59866650934285 111.88198447364543 116.44208804787604 125.04453623758616 112.24023984533022 84.80428118881773 96.48801911553622 130.45950883855318 116.86579420471882 104.09704945810176 56.3010240428554 71.61754752208438 98.22096445103561 0.0 116.63784418191656 120.05947801812098 127.9808202334688 86.03817556719872 112.59575716498138 68.47358359114426 111.90341041088818 118.24043164193097 137.07662532893994
72.0746357811834 157.65362612992453 119.78249326123506 94.0107436900299 68.47358359114426 94.0107436900299 134.01513994737513 92.5129816345471 114.2442165844283 77.49400317933676 65.20283198619549 99.50340560402205 126.20824546142622 38.69036713525165 112.24023984533022 112.59575716498138 95.26548109482246 100.63934665101294 102.50318250418593 66.17619372508122 49.43329693423459 108.09570560186924 119.42789980427196 100.69773799339721 135.48175869770324 137.67128786787583 127.9808202334688 143.34803438105854 41.1476675945789 84.80428118881773 114.82238463761993 61.466880391791214 62.10417418767154 85.80879985066169 110.8146580536843 125.7897555124737 64.2000659022053 116.35912531989436 91.64497009151711 104.50370831398274 116.63784418191656 0.0 112.24023984533022 75.98925381845831 125.76765858546932 112.11206136597178 139.31982658366042 97.29538543857717 80.4047324499642 75.98925381845831
95.26548109482246 108.8041027330894 105.11615713740093 93.47769595022594 64.76753462034989 137.07662532893994 96.00051949341186 60.30231868476023 113.59722932724665 113.18863574874099 109.10363124181809 82.08474999969782 114.44564594883092 86.61103388678508 125.04453623758616 106.65798830231198 56.3010240428554 125.76765858546932 101.12179893966 129.14996918307634 98.46462832285171 104.09704945810176 114.41697623515802 108.68182913550021 150.4176376908355 69.10628137080869 80.4047324499642 105.02470333065064 91.64497009151711 105.11615713740093 81.84698582485046 147.8618644798029 121.48979283214486 85.80879985066169 64.76753462034989 112.11206136597178 55.648905336446845 116.44208804787604 150.4176376908355 84.80428118881773 120.05947801812098 112.24023984533022 0.0 116.44208804787604 64.77045016628725 179.30878943632396 97.9690819816955 100.77784230323245 153.7113931513851 102.83283468278269
106.65798830231198 34.24897084192652 68.47358359114426 153.29584318883838 132.82243052603124 83.29804366683263 116.85978455866265 75.22845857076759 98.14771625327884 62.10417418767154 65.52036672609898 141.339159747638 113.18863574874099 108.09570560186924 105.64092719809733 147.8618644798029 109.10363124181809 70.50971583495628 81.44889930731776 137.07662532893994 68.47358359114426 127.75658344537011 73.72959224402986 73.72959224402986 115.85005740741538 70.50971583495628 125.7897555124737 122.63232294355332 85.09985577294464 111.88198447364543 95.26548109482246 120.12797272103664 131.412164662443 68.47358359114426 126.20824546142622 156.32280657131787 123.81671081288304 62.10417418767154 108.68182913550021 119.42789980427196 127.9808202334688 75.98925381845831 116.44208804787604 0.0 132.9134021869466 120.05947801812098 141.339159747638 102.85090671738739 102.21410508611618 121.27388919508458
