75
0.0 134.87288826857676 91.13488525691994 155.0194375407656 96.916480078555 109.89529885142282 129.34035946141648 104.25075796490898 81.7078902507561 108.09027556938408 123.25074919933726 110.28166913930772 57.2665744195972 75.87056563785806 62.37637982418542 81.55378429100509 125.30765205399595 88.29422236145136 118.78989044639648 72.10439220239374 49.28810848400354 66.61341883660316 130.72672024785376 89.59605796862584 132.17591256735838 87.70349191279642 114.8831633119994 94.16941085985908 100.41068489333024 104.37323547647841 74.89521625592424 89.0809988606265 99.77579677367589 68.11434454608573 122.37636179624374 100.8664847407494 95.15662962050024 80.2113268787821 48.11722126699019 164.0673023199427 130.43291251211798 103.13737121658629 118.45022790345513 104.71769041316932 102.39622128237305 96.51830790736446 123.43499983876251 99.61354239446803 143.56757539553104 112.3795618719306 66.17241157472897 82.64101778748679 155.57658704827466 80.47375990018182 26.030145565349443 68.23669565112894 85.84924741085082 94.91902413690175 126.64443734830445 98.22936706448913 109.50544189518293 90.01727318588301 104.06049344759938 86.12772004416813 94.09525158556374 131.29449334799085 107.5166813437865 94.68934313228763 164.110886908433 88.94854142523862 93.14743012476497 85.98639394318741 107.97451938494002 67.39243829686323 58.034164038719574
134.87288826857676 0.0 120.7403310554837 127.02400278505993 119.18144602443817 87.68188196677701 66.28270268991959 102.47403033171187 107.44104862503993 154.46328109068895 61.80396088696241 89.77870156156426 80.43331985587218 119.81516031073483 69.21356355202664 75.44942807336292 111.57005972921712 84.06001667684774 97.98881649035849 82.9792670491978 120.03241035890964 119.75553177922279 117.5270379444847 75.12354021806696 99.0540197054984 111.04252958143024 95.94937135849611 95.41052319543246 96.63852518408687 99.5259243874533 74.62367950930692 103.92707840026829 49.28810848400354 68.15996083953529 106.23061895953893 123.3583496649556 95.1731093606484 91.15885612809683 111.4919698281261 128.87293669904523 114.6160320024841 86.48969888025924 85.5011380414205 115.23987689935808 157.01816988556504 112.78774494188931 98.96268383419402 114.2443074866905 88.76524518506491 94.48441927253248 74.55356299966931 148.9557368908799 83.88955597579482 122.66619499620988 59.511426304609465 122.61873508086629 106.13047920309629 81.95982614004124 126.42717577419059 86.12925129101194 56.94279051477409 97.95337559175206 121.15024435022426 84.03933192321142 129.93547640763938 136.4534551417676 103.64203514128072 93.82581660808724 59.255146554077974 83.84043117670359 80.13636849101756 82.2651540667726 54.3212807332215 124.20262726531506 120.00903477724685
91.13488525691994 120.7403310554837 0.0 123.5891793619083 71.43996462356907 117.72773022687052 146.72680772657728 116.7735563387464 110.56298552301737 101.46326833660821 139.66917328780283 86.93282471408499 123.30598419333339 69.58677761217659 88.75691862969617 55.028508054397506 62.84913700553198 62.69932101528956 89.91196092419221 57.65830151285588 98.65218095677062 101.21215549896264 71.71189381638816 83.80991383659196 68.1189302591722 115.7541791282248 120.28404411607964 103.63510713516581 96.82033547654588 99.90586774444388 73.09572343238064 73.3753981535 102.44553634355307 127.52225700807311 73.3753981535 114.25596628586565 88.52895817517972 95.70148774345896 92.35973521614886 79.03661595642214 84.81889011565802 74.98088511544799 80.66672430974124 81.73342723021014 81.3759778970711 131.33480152423277 89.77870156156426 99.08029842674917 117.25934494704006 80.00890745927578 69.28627904063494 119.77164681180079 89.63549720158736 114.0874824236509 73.29790057084027 109.73161616640849 124.8020286304608 80.9330006331801 89.09931287084277 81.14018765148117 110.70106086290534 123.65916275111421 126.37534187580425 78.97001893091145 117.76068740765498 116.85213258874556 69.23848462394287 153.8543144499326 114.0874824236509 130.38420494364496 74.32658808081194 98.81690275207889 49.887325078733916 110.59918997809683 115.18044913346066
155.0194375407656 127.02400278505993 123.5891793619083 0.0 114.36380748160325 82.71973867604251 78.12739835826106 63.581411642366746 117.48444627212862 78.45554597025978 139.070036559254 129.22731823186606 126.5802478776644 61.57389817973285 97.11458694138075 82.48403676537471 124.63233665104835 91.18766527770912 94.97697020054409 115.20016170283512 61.872579673504745 74.7702734410479 94.91902413690175 102.28522519496912 114.62511870060581 123.47641568991969 46.00687737633598 107.97582705851171 117.7369658163547 94.8979732427626 121.13776107813999 41.929264534914324 61.196814079082294 95.20517420062029 100.34971234185417 122.99766917215177 135.7707615468414 71.34575139813775 78.43480311357216 133.99394531126842 65.24961605272357 107.44350910538202 108.50764328956174 64.66570824801434 104.48278443065469 42.40160961535727 152.3201214554948 115.70100608194267 90.07882487543894 104.67067996020684 97.89099247971235 73.37078436178648 91.65996531239092 91.23611523709168 116.22420311176106 120.30104733528901 76.02764161008953 150.60168196576777 105.69792487776537 108.87514533748725 124.08850083681442 78.33675043054077 109.08295963198765 18.523953740939547 126.73295458856693 106.39326049754874 102.31749826202315 150.2958088337259 114.45278615994482 56.35034774676913 91.75592314917621 57.090906178809966 97.66008302289163 115.04543470970356 88.12096728335668
96.916480078555 119.18144602443817 71.43996462356907 114.36380748160325 0.0 84.04426568805934 98.44311584726444 82.69584537254894 90.56779330357173 89.79724435796152 77.79511124010449 126.56284400121254 116.90034913259359 137.1094751100019 78.48298606954691 73.73957716965182 83.80991383659196 100.5988834092308 117.20183533014395 102.26330503667876 143.39280246291148 123.8897844634308 124.10846252250428 68.1189302591722 53.25015244229856 84.62176675722091 83.5473979164445 115.5917136724337 111.72498825097726 83.14123337075492 101.26940320691263 63.402520502303595 91.82260139050231 128.41116383174642 139.95172564473796 59.89920096096909 81.64538401832809 87.75360807154603 79.23390989522578 94.3273748776657 96.8766562545916 127.19528881893406 93.2187691129471 39.03011876113926 123.6187049065739 91.12161471003795 83.6196880078865 115.69176168285499 106.2063098537995 62.25844950853144 111.37953920273586 100.03328584127678 104.11766098790693 67.65955500584633 108.50764328956174 82.61444230082947 93.05450049326839 110.451746870226 117.42574423269073 96.11112041748517 78.74951132710194 153.05893426994302 89.71946960184562 131.95389818119506 81.11913749978243 140.8046235434474 135.89741685957813 107.61879416751214 123.92578178289989 155.90660871511838 73.25695648973543 99.6675855838517 67.77647695382467 104.14097518747516 140.83806982903545
109.89529885142282 87.68188196677701 117.72773022687052 82.71973867604251 84.04426568805934 0.0 115.70104286462424 51.75016332751684 67.64419741917689 112.67417896059511 136.547303533563 118.88872521674308 62.33772618840765 97.82360004703621 128.7324436346075 88.76524518506491 71.2927312639687 170.90362623457258 106.98765297717966 90.35464713037959 125.18694348555175 91.55099420467414 64.6821817268366 119.90906185724332 79.38504913066349 141.39910135085415 152.42041899345196 151.490412554035 87.06058382653723 112.53636572361165 100.31303195433976 95.43314062141951 91.35733370970313 88.41678274095129 111.82856788129202 92.64022004001357 122.12512714609235 105.41696394302924 98.43705528020472 102.56101691899873 99.35139713170041 59.76966229075738 122.91493462366353 120.04615594143215 133.57055641700322 107.82560141310918 94.77103633214841 91.48875706170479 150.4843234079264 118.19855748850395 117.89334613368703 142.21837779371634 117.79369982421133 103.49753792674647 124.89727236834949 166.1293529649011 87.74619245855007 99.58333755924899 88.13264711103535 48.94094635640113 58.07906656096791 82.5336032117607 118.26327309063606 114.72227730580599 149.55098909365387 78.12739835826106 76.43668383594922 67.95471545188269 99.87513081686373 125.23200031643488 115.44513669501566 80.1654584636542 89.61560223996673 65.24961605272357 106.6342390043388
129.34035946141648 66.28270268991959 146.72680772657728 78.12739835826106 98.44311584726444 115.70104286462424 0.0 108.65385838644828 77.11158989930655 181.86835395382747 144.311621379546 117.67948636084998 121.63053983561248 88.45395215995734 124.48986860692784 66.49198817551814 100.1536947739001 96.65496665294049 55.766370152968584 101.66256836766026 104.27924164861514 75.01303558585903 140.88756896417425 102.75982525917475 70.25351598461758 62.58823065726188 68.23051417696232 152.42041899345196 82.04139608955529 58.07906656096791 86.87410507681321 119.45668189735628 85.038854943409 92.18361632893401 135.17100550260704 121.28020876308484 78.9024044022103 106.18129284703498 79.9201997294757 137.53366246879742 77.90978695306947 125.69936942104569 74.22373378315001 135.7778339941849 60.03690274858668 87.56250039657428 85.38789842752033 126.18310433436633 132.82222095234536 85.17250861899105 81.2705564097543 82.22145440728815 114.43896280155816 140.88756896417425 119.0682500244061 88.84990363479027 76.2677800785194 82.75573409410346 108.79307087553461 99.30964901312605 117.25934494704006 126.42058817545715 91.58733049927646 134.97570836787543 115.75290223801011 107.36555735575682 146.30445016047622 109.47559206372279 112.15870244867924 103.3156497060245 102.53430435456245 82.9630984495287 115.82237937407201 113.60017576186674 81.78434753159073
104.25075796490898 102.47403033171187 116.7735563387464 63.581411642366746 82.69584537254894 51.75016332751684 108.65385838644828 0.0 90.19888531972458 159.8816967438363 102.92266033847179 95.43314062141951 78.14561092301047 93.26828850585495 91.35306166865726 125.194855781177 125.23200031643488 122.66810752593551 81.83263704681545 88.68303000674246 81.64859897850192 134.29952628752858 115.12795453863554 93.41960834225328 89.91196092419221 91.20497530372772 49.8217876812447 96.8200594118514 119.63971970673441 88.23017583795952 65.82932991340624 92.28627297631479 77.87512275445283 126.16332161613434 91.1382662488958 108.2823115460601 130.44204176514597 49.67646427867758 109.79162728886061 43.35437327519402 105.34716756094869 78.67709363993325 70.62724099079983 69.11419390112715 84.04426568805934 92.50752396519839 137.21078010857 146.72680772657728 114.62511870060581 131.62238825333134 86.49822076246919 109.12102312586008 84.74657653324813 116.61143264298104 120.64941593386436 160.87477482048155 82.60719742290026 130.04524920049454 64.73107876463217 126.73295458856693 39.994333929802764 85.70775304354113 128.11964981279596 80.82448903071167 92.48591491621106 106.12314804836699 73.18704417237251 93.20934048868642 79.03880762932945 115.17633578678004 123.88270318609113 55.620778827869884 147.79569742966416 132.24995722656553 99.88698745377326
81.7078902507561 107.44104862503993 110.56298552301737 117.48444627212862 90.56779330357173 67.64419741917689 77.11158989930655 90.19888531972458 0.0 84.1561113413741 94.79581314573659 81.73342723021014 115.01353537947548 84.05665647324165 124.9287864298307 83.08986271538897 90.19888531972458 133.4042806911152 114.61842826091438 137.9477490741522 73.68278948354485 94.36921921883493 111.06521400134355 126.71374222681848 63.20853020350914 103.65073960400586 85.89729829544254 46.64226921385845 55.61788508805142 78.79238591342317 113.3710325054758 83.60982715628134 117.77434577063286 71.62993434738699 114.88003105780993 90.22795598092077 103.07789766040693 123.10200938017671 105.44724790592963 133.57055641700322 64.89935200037547 118.74234078067059 85.038854943409 155.6128900716161 150.37385933736917 88.34929766348662 124.19632357728239 98.15036061856311 91.77546919206068 84.42847290853749 153.61072135431442 53.68023767791734 113.36520119312253 84.19011843567681 121.3183354890486 132.56259650809935 71.77590106306889 100.40012047351388 81.91390188933782 54.58428700788777 113.34513892190547 86.85810220320468 92.27466156346625 76.79198355111964 106.52970705158266 54.5636225875041 98.08557314918363 112.35760693680018 122.77515737179544 116.05188817189861 69.79749579509946 70.54304448467794 112.82092466557049 168.51611125140772 102.75216202974673
108.09027556938408 154.46328109068895 101.46326833660821 78.45554597025978 89.79724435796152 112.67417896059511 181.86835395382747 159.8816967438363 84.1561113413741 0.0 70.7049609942533 163.924789702128 83.84510738525256 115.0033748147521 82.2533588360661 82.71973867604251 129.48974257920304 108.74715677548585 92.6852908848531 81.163823584145 119.75048455655661 142.21837779371634 125.79957699564181 106.09717279611169 94.330149350443 112.43496316702999 109.69780943687653 130.79565914224938 90.26484808360395 90.29008913214993 112.53636572361165 127.7039674523059 130.00872028102054 96.39728561915359 62.59757243980516 121.62044478649199 102.55656100625674 116.28551557497927 95.16007497601255 65.10799541261599 116.20801144442788 98.0770280272758 108.4276723127407 147.2522461056221 114.93393699821874 91.65996531239092 125.357530057367 100.43225107513932 117.48444627212862 119.1220450027736 101.67099333705393 85.43937380603917 117.19398111735032 149.31985619416983 82.75573409410346 85.97197359486245 117.76068740765498 142.3306842287554 94.58249074686037 99.67029926223934 65.79253903614179 116.28993662187463 106.31295306241724 103.69199292099906 106.2063098537995 93.82581660808724 98.91261168488109 137.71525576463821 98.13985123663527 150.60527740179586 120.95355910136178 63.64569034995776 154.2395379857948 123.30155340433181 48.32705721815994
123.25074919933726 61.80396088696241 139.66917328780283 139.070036559254 77.79511124010449 136.547303533563 144.311621379546 102.92266033847179 94.79581314573659 70.7049609942533 0.0 106.98765297717966 84.63491491776645 108.40186833837498 109.42285751988052 117.14692727037556 105.1048917008874 103.82743723538532 76.67506635027681 103.97322503614164 143.29110553425113 90.7243648975541 69.47051528931715 70.9392063896075 82.26409375820143 99.59880787797623 94.62845577169486 88.49787222744534 58.27491325285086 74.74779857266736 82.69584537254894 83.48051207571828 84.25614287894041 99.20308496143377 92.64283853595747 79.28089460112471 65.62843150958811 122.27374262272248 105.26433279614042 87.97763692546168 113.08684046236235 100.12210197234224 104.3708859615235 102.78686015570264 93.52024523285574 108.69463088277939 79.45329849878709 109.31869764672291 75.34880840673219 64.191585957377 82.28024136772261 57.692075194989606 99.76904987936429 127.51383868650515 84.38548143273006 68.90303585176467 130.63733406338977 82.9792670491978 93.79371116201956 101.21167402810958 109.27506596616502 50.407377722747384 120.04393972493853 98.83945410492949 92.7414479156001 97.00096748305458 129.66079350392147 146.76726038083277 105.92863019032585 128.3603793451325 119.72014842152423 120.07527172356338 106.84658339460908 91.07382313771294 68.64742339327196
110.28166913930772 89.77870156156426 86.93282471408499 129.22731823186606 126.56284400121254 118.88872521674308 117.67948636084998 95.43314062141951 81.73342723021014 163.924789702128 106.98765297717966 0.0 84.38548143273006 40.94310282948366 84.30120100489849 88.15054530059274 89.7624361124179 108.50471887676055 97.92865868702135 97.01215951868559 96.30173260906402 76.80033876035115 126.53488549197058 90.28068606416043 118.42552221941249 82.03897696045257 67.72865696879254 94.330149350443 80.54213600824217 60.15596452771682 99.69265442832476 100.17608936828022 150.61918001078618 114.3144422694401 130.8671221738756 84.81889011565802 77.50454766630193 95.02586901903852 81.78434753159073 20.47123524079025 71.15472330583427 60.00358697595249 92.72663714618044 120.53422289646778 88.08409828378903 77.05427026122966 110.1096827404653 108.66318881101458 107.59998413381295 63.443495485479694 105.19425111200557 50.22239187941562 99.08029842674917 96.85556054500721 120.9560255320001 111.69751549449165 91.25973105762854 88.1458613600619 64.19444505990737 97.15622717069803 114.91218022188092 102.46980089002118 60.52348818986298 72.42584104288547 109.31869764672291 89.09931287084277 128.87293669904523 95.7892088195027 114.15205756312592 113.7392398577985 100.10301854240191 112.10423714558732 77.44570983568461 103.92489479771284 113.72702725576983
57.2665744195972 80.43331985587218 123.30598419333339 126.5802478776644 116.90034913259359 62.33772618840765 121.63053983561248 78.14561092301047 115.01353537947548 83.84510738525256 84.63491491776645 84.38548143273006 0.0 95.80908759482107 120.9200803835341 103.27584785263707 112.82296983894247 118.32462167078222 108.30703904736683 134.2742555768059 83.71774406606751 89.27716169226186 75.02559392042795 103.75302048681657 132.7234027315167 75.03688206789221 110.56298552301737 109.5340231281002 83.04160537733452 96.67619467448891 77.2122479422578 93.70650989468012 69.7718251274338 147.16237812835712 127.51192103040458 85.28346611966901 139.33626372963784 41.14004421481871 86.42393848881703 138.25848050027201 117.99866522478287 70.51934951143807 61.872579673504745 131.3612611041087 114.29554105035734 100.7302362542659 83.9849556069288 107.5166813437865 100.65288636109011 84.0160789530222 127.17115623528565 118.78381301037533 103.5211504770412 81.34213489816517 104.26958902781983 86.20906283246103 121.19389595929748 131.82108853634716 105.95818372322788 111.56796311338266 82.28533171142692 72.61107491280704 102.9101831264395 81.64859897850192 110.07964231760029 104.99392212226596 122.48657493334446 123.56240598903592 105.56159852449889 83.84098292915715 104.33960842032869 111.9885324582105 77.30981007770697 108.18497613344124 134.65267441589668
75.87056563785806 119.81516031073483 69.58677761217659 61.57389817973285 137.1094751100019 97.82360004703621 88.45395215995734 93.26828850585495 84.05665647324165 115.0033748147521 108.40186833837498 40.94310282948366 95.80908759482107 0.0 71.62993434738699 57.901018493973034 133.38179546857222 93.23982595309153 70.68496352051731 79.46700433402857 103.76962462864431 103.13632155664078 118.6685712769245 131.3612611041087 88.39918241431867 91.55099420467414 80.72893738640093 94.81357226186167 104.80217038535618 86.72959248691957 117.25934494704006 116.37177333974279 97.86439191101509 123.9173373932875 61.80379910592228 75.75411734483558 93.48820967824756 111.77692710552185 110.16324212179147 53.55354392187311 111.70331899151152 133.45400626562056 129.811586726524 93.37975828800239 93.724766869125 137.6871971839898 88.90001005001035 95.8686430725075 99.28520110117101 57.94199939771351 80.63149377829984 140.06329868126838 82.67215942089236 99.67029926223934 33.581308031262154 117.64309633346261 77.47187107698946 102.85255807756477 126.42058817545715 88.0704706056255 121.8345839711285 90.69397211929694 81.41588711508257 150.74609491468757 107.77737644861656 109.50544189518293 105.66763526810244 102.05427610575951 84.95584002573719 87.06058382653723 100.889448227844 94.02681921378654 115.75306849241747 82.90402141192308 110.12986642338646
62.37637982418542 69.21356355202664 88.75691862969617 97.11458694138075 78.48298606954691 128.7324436346075 124.48986860692784 91.35306166865726 124.9287864298307 82.2533588360661 109.42285751988052 84.30120100489849 120.9200803835341 71.62993434738699 0.0 104.94464932920636 67.9889993914715 111.85779242458649 129.08086753262333 82.3721267456811 98.0770280272758 98.74335089802808 116.9175369855703 56.60567184821202 104.10320120885555 153.973110484029 85.25984201796761 119.45668189735628 117.58061726958762 154.4128475136707 52.310110975201326 89.2713020019431 92.90466201025268 107.31743929212331 67.72664013093453 72.50126431967365 49.71109476754808 73.39746136646458 133.2454823477603 57.66033136393076 131.33480152423277 77.95796733546692 96.90516319967792 49.57492182173353 97.6724251276872 107.77348147078875 102.58824849148166 149.3267450655895 57.996053102156736 137.05659253966746 109.88705551798022 115.85777192575551 102.84327946243033 88.88928087898192 157.09646959699515 152.76550633198906 109.37865080407711 96.70467260789339 115.04543470970356 125.53836957107471 121.63053983561248 102.50733203503975 105.93591608263716 85.39678114753825 126.46531565391913 102.78101871529606 106.95225896450754 111.6684415818614 123.47123280482501 73.22072769298359 105.55735616606107 120.37861792218952 130.73794484141922 118.76022651495519 67.27830816988606
81.55378429100509 75.44942807336292 55.028508054397506 82.48403676537471 73.73957716965182 88.76524518506491 66.49198817551814 125.194855781177 83.08986271538897 82.71973867604251 117.14692727037556 88.15054530059274 103.27584785263707 57.901018493973034 104.94464932920636 0.0 69.34906302680653 92.59021138096006 103.31750964810931 72.71571800944926 110.82100122100982 45.352536514480036 88.35293181433552 70.54304448467794 120.04274091376801 75.75411734483558 76.77293349532118 131.7823506146146 85.70201051132587 112.379267201302 97.33651227125402 127.70607289203225 116.7735563387464 58.034164038719574 98.2425131616368 113.76699251922082 118.47869161971074 118.32889783486529 78.79238591342317 108.22834854880469 82.34822773782845 115.5917136724337 81.34213489816517 150.60168196576777 99.39529172086816 94.35542988639193 80.54213600824217 92.44898825926016 72.78402441395258 97.86439191101509 102.47717150355635 76.6316332363137 95.7892088195027 134.87288826857676 94.84879659386213 72.02550477714487 101.4586673938801 99.24059994926223 71.04625308011731 150.34922549289064 119.8723301733399 127.26553819987737 150.60527740179586 105.26433279614042 91.42119561734687 147.4070591692057 41.40776098578319 67.2506181802026 124.98129404735909 128.11964981279596 120.00903477724685 138.26494593383296 119.00483513405442 93.62175920374894 83.07020709773647
125.30765205399595 111.57005972921712 62.84913700553198 124.63233665104835 83.80991383659196 71.2927312639687 100.1536947739001 125.23200031643488 90.19888531972458 129.48974257920304 105.1048917008874 89.7624361124179 112.82296983894247 133.38179546857222 67.9889993914715 69.34906302680653 0.0 78.9024044022103 79.97621821679024 74.76464142914969 137.70494330176416 148.3073151776776 110.46982415774863 78.3276033691049 57.39756714776012 48.59866723071393 94.37106906084058 127.52225700807311 135.89560872154357 100.41546331005064 51.31145013243679 96.51830790736446 93.04014125981278 150.57290468962233 78.12739835826106 116.08835699364684 85.39678114753825 111.30022022513349 102.44553634355307 67.58210002863677 83.51869522270754 135.89560872154357 157.21471722128638 104.72609609893851 103.36774729892018 126.15079303520406 69.1669943634428 112.53636572361165 67.21637272215726 100.26315665933262 118.78381301037533 74.89521625592424 88.45904374989462 106.89339787371479 143.39280246291148 91.82260139050231 103.07775739905935 133.02935288566982 93.834658253874 104.96916768321778 60.70292521900033 56.78329802068541 161.50156769892675 85.70201051132587 121.26636549553947 140.53416492860873 113.84966382223645 114.55085585266306 83.00335880414079 85.61559454339887 105.2038464236463 92.15874040933518 107.30086714768596 96.83798676276012 118.75247588985896
88.29422236145136 84.06001667684774 62.69932101528956 91.18766527770912 100.5988834092308 170.90362623457258 96.65496665294049 122.66810752593551 133.4042806911152 108.74715677548585 103.82743723538532 108.50471887676055 118.32462167078222 93.23982595309153 111.85779242458649 92.59021138096006 78.9024044022103 0.0 126.37534187580425 89.95915096814625 91.90490055275994 94.04660953998317 63.20853020350914 111.39412756103049 106.2063098537995 110.07890007929012 105.12878986876464 100.1536947739001 103.90626143013661 134.85021975149795 135.88504461053014 119.90906185724332 98.2425131616368 131.212148064697 80.5715927169733 153.8543144499326 160.93821155129626 126.83784198935501 93.12778823886644 97.38497546376188 128.75453020416512 85.53378513522294 88.31175180810241 112.07000670330727 103.29431999573356 55.766370152968584 115.04543470970356 109.27506596616502 68.98300034539835 49.22903575914803 74.74779857266736 106.57397546295549 100.03328584127678 104.93751517855206 120.02591566111795 119.03102354952681 68.15996083953529 93.49218183661574 84.28490387840223 141.80939441719246 125.81786175481233 72.46036360361049 112.90245396069396 82.56385574976969 60.2912986091327 91.3487902698425 55.907971325708814 108.37751913013557 109.79928686388236 74.8313556159398 97.51046866798403 117.35423627990134 116.05893676825094 100.89679800205928 116.65580058831941
118.78989044639648 97.98881649035849 89.91196092419221 94.97697020054409 117.20183533014395 106.98765297717966 55.766370152968584 81.83263704681545 114.61842826091438 92.6852908848531 76.67506635027681 97.92865868702135 108.30703904736683 70.68496352051731 129.08086753262333 103.31750964810931 79.97621821679024 126.37534187580425 0.0 109.6858667443539 117.60781261940718 111.19590618424002 134.9064404994279 140.90675601007183 71.52479245615538 97.85199615634106 88.817139666556 137.279796009579 77.23501946802332 122.29675181806124 140.42937980337513 159.8816967438363 70.1084373144909 82.5820265869739 96.21562944721754 87.50951041686186 106.89602462712743 43.53426876122335 112.67417896059511 88.31175180810241 89.66257023671106 116.30116380235924 97.12576183947391 48.65729538477931 45.63096634521533 106.02182386696896 166.5967986330844 94.09525158556374 49.123554962695756 41.59961232838312 63.76850785420471 89.91396572166799 57.021967808695734 116.08835699364684 98.44655216487007 81.61434395875966 139.43888888218518 118.26226162164818 136.98576543882797 48.263041652388736 103.72157250968095 116.04049836250229 106.02182386696896 71.61707644705245 69.64546811385189 51.4289747007162 126.73856821123968 91.58733049927646 88.00957558110979 124.70188726084207 91.53347978261641 106.49908493913736 83.39563885141675 154.91310393955263 74.32454117374665
72.10439220239374 82.9792670491978 57.65830151285588 115.20016170283512 102.26330503667876 90.35464713037959 101.66256836766026 88.68303000674246 137.9477490741522 81.163823584145 103.97322503614164 97.01215951868559 134.2742555768059 79.46700433402857 82.3721267456811 72.71571800944926 74.76464142914969 89.95915096814625 109.6858667443539 0.0 100.41068489333024 105.54508833078316 62.53592397959081 104.12531977436156 93.48136564707062 83.67264310305956 126.88576598338517 69.4498863354082 123.83414576827674 111.57005972921712 68.21920033328453 107.07503572576205 145.20181692925763 125.37779131428694 90.2586818916416 111.98196396887394 121.54309918206494 75.03688206789221 72.60568147725759 102.1917666702668 99.78229098079261 70.60027071136955 92.18866119627575 99.5259243874533 118.04191250561391 49.8217876812447 80.6282045879199 132.42406127300524 104.67559948403269 75.69470230827403 70.9392063896075 93.37975828800239 112.72217050914011 75.61437789891393 87.95062770212701 145.62067095845458 96.58249473827271 113.60017576186674 121.54309918206494 64.16735559223912 120.37861792218952 82.9630984495287 70.28332044183153 103.72186282005117 94.25890418747566 135.76521101701428 103.03813934820921 61.72090016617883 91.47763556697507 132.41418473852053 141.43119753770497 108.93719100719247 114.11114943738875 81.97342230944166 70.17064624170845
49.28810848400354 120.03241035890964 98.65218095677062 61.872579673504745 143.39280246291148 125.18694348555175 104.27924164861514 81.64859897850192 73.68278948354485 119.75048455655661 143.29110553425113 96.30173260906402 83.71774406606751 103.76962462864431 98.0770280272758 110.82100122100982 137.70494330176416 91.90490055275994 117.60781261940718 100.41068489333024 0.0 45.793676873570455 148.75499419343757 80.88301720597457 42.20459166847472 69.67956348072755 91.38041475576624 123.63891090965868 162.81324316128462 79.80702764872352 122.91493462366353 73.61426285481207 90.62761433903809 107.70696678503833 95.91077857447539 86.87410507681321 49.26724756756943 150.23530627457995 109.52285578889017 95.42016817917413 99.07372755950819 65.75482165270304 102.79402515042098 117.5326986686714 50.715465977944184 58.40165099369506 145.74360434752379 120.23182494146054 111.18917010957136 130.79565914224938 72.95863736844481 83.80991383659196 116.62596073666738 96.29330475121107 102.39217159628978 87.0955240317779 84.38548143273006 142.66189152223114 75.77547677446911 74.9496413548752 77.2122479422578 109.26912008519793 126.16271151968061 89.03090554498694 113.10778566023458 111.32312169375312 87.68315654132124 79.72470745575633 60.65385289108685 114.60328736592115 90.56779330357173 83.98772184945227 101.47923512259491 127.92183129475671 79.70592988848156
66.61341883660316 119.75553177922279 101.21215549896264 74.7702734410479 123.8897844634308 91.55099420467414 75.01303558585903 134.29952628752858 94.36921921883493 142.21837779371634 90.7243648975541 76.80033876035115 89.27716169226186 103.13632155664078 98.74335089802808 45.352536514480036 148.3073151776776 94.04660953998317 111.19590618424002 105.54508833078316 45.793676873570455 0.0 109.73340443629837 132.24726960879258 93.75688655131596 41.649826651989926 113.85189988180696 147.56760144398922 125.18382418904318 101.78494422877344 105.42878399273589 67.58216193786974 87.0693132182094 78.5207024788207 88.76524518506491 78.67709363993325 56.35034774676913 53.0926782450915 70.7614870548269 67.21637272215726 80.3923128404594 118.04191250561391 104.27924164861514 133.15833813352126 107.56710710860398 100.43476887860612 90.9423762302141 98.42688047714186 119.23274476058398 55.3786316546365 114.75027321836231 131.212148064697 135.93131183111072 125.30765205399595 89.21621299565771 110.33250955650948 60.8369145445947 123.48580028810412 78.6625241564206 86.31358624521852 94.18615146156479 87.00254800182016 132.9062137378127 89.82609039462777 108.52855262329095 81.23458928260729 93.5415219275683 167.37334111607046 60.2031663606287 83.48197617860866 121.52978724772039 110.8718388143908 49.67646427867758 94.41023055731965 82.6351276064905
130.72672024785376 117.5270379444847 71.71189381638816 94.91902413690175 124.10846252250428 64.6821817268366 140.88756896417425 115.12795453863554 111.06521400134355 125.79957699564181 69.47051528931715 126.53488549197058 75.02559392042795 118.6685712769245 116.9175369855703 88.35293181433552 110.46982415774863 63.20853020350914 134.9064404994279 62.53592397959081 148.75499419343757 109.73340443629837 0.0 78.66918366952504 91.2586152409302 77.65732687024682 97.93651389576567 125.02933973885722 119.45668189735628 113.61039131490281 153.14543760513732 124.93020699667488 110.60261926166052 80.9843934701606 92.12855783100778 70.57681636559133 85.17250861899105 77.1764400297981 45.352536514480036 125.92736297793576 121.72537595663066 94.97697020054409 129.47516311803432 104.51923141975419 71.58481831335084 81.00851930467198 70.39748177171727 83.6990914966276 91.42119561734687 135.9231308956414 92.12836739344046 103.95275600995578 149.0427180101592 94.03137725982138 120.38517135316326 102.53430435456245 81.64859897850192 123.93133816331962 111.0632713707413 80.75177645140519 130.02995659961232 89.98290536159303 114.18439282369062 125.94523845332455 82.2533588360661 127.03498381572075 86.12686693551503 49.887325078733916 90.03998744360726 82.26026366790676 60.640472977674605 89.11937480978844 77.89081125662017 112.8895189068783 52.91888464976544
89.59605796862584 75.12354021806696 83.80991383659196 102.28522519496912 68.1189302591722 119.90906185724332 102.75982525917475 93.41960834225328 126.71374222681848 106.09717279611169 70.9392063896075 90.28068606416043 103.75302048681657 131.3612611041087 56.60567184821202 70.54304448467794 78.3276033691049 111.39412756103049 140.90675601007183 104.12531977436156 80.88301720597457 132.24726960879258 78.66918366952504 0.0 139.2242057433388 68.11434454608573 63.64569034995776 93.5526799659774 110.15432256734964 75.28606417534793 86.12448126650371 127.19528881893406 93.59489690346072 68.10391918492208 61.65037262262605 74.32454117374665 69.97567608204494 106.52892542082597 78.7949983234048 83.3788997152696 96.63852518408687 106.13047920309629 78.23047049886631 92.11609122009371 94.80952647936869 112.29049757173482 124.53723929780242 95.97287765230537 103.69199292099906 83.6196880078865 90.69397211929694 152.56852122888253 85.61559454339887 85.87322335298938 124.20492219303422 131.28061704226164 86.2621406968436 99.34261604347437 102.4379541604848 100.12210197234224 86.20906283246103 94.36921921883493 74.43172818897793 129.07218934292132 84.95562327519191 97.6724251276872 124.64548009087959 89.13099625932121 123.29604657628767 95.43314062141951 84.0160789530222 126.32573864612476 132.88324022470943 119.5883787461932 86.89354129657079
132.17591256735838 99.0540197054984 68.1189302591722 114.62511870060581 53.25015244229856 79.38504913066349 70.25351598461758 89.91196092419221 63.20853020350914 94.330149350443 82.26409375820143 118.42552221941249 132.7234027315167 88.39918241431867 104.10320120885555 120.04274091376801 57.39756714776012 106.2063098537995 71.52479245615538 93.48136564707062 42.20459166847472 93.75688655131596 91.2586152409302 139.2242057433388 0.0 81.58905607683496 84.87626324133905 101.21215549896264 105.36440445656338 48.32705721815994 130.18364264918165 82.15611418986337 111.37953920273586 109.65274819269368 123.16539598034441 42.93656412757667 127.17115623528565 79.00409150239275 114.13594132394543 95.53092579151097 51.75016332751684 27.252273017481357 116.89467303747207 155.90660871511838 100.70882455127044 86.72478554156417 120.28404411607964 77.95796733546692 110.1616112716518 66.14187389551171 116.29627498487005 81.69519059821127 133.40742182626786 93.97450569931891 91.26571114634457 111.4919698281261 141.82326594849246 120.2721413595191 117.64309633346261 93.08883559097005 110.34642132495213 102.17135612886315 97.87228217336806 74.02412145859256 85.18965805894977 107.25606516781008 117.49940088863403 89.49864364255562 85.47841171255365 98.09238313275267 127.37793125615374 120.37905184323961 68.66647204299278 66.90851307689528 97.57782371238558
87.70349191279642 111.04252958143024 115.7541791282248 123.47641568991969 84.62176675722091 141.39910135085415 62.58823065726188 91.20497530372772 103.65073960400586 112.43496316702999 99.59880787797623 82.03897696045257 75.03688206789221 91.55099420467414 153.973110484029 75.75411734483558 48.59866723071393 110.07890007929012 97.85199615634106 83.67264310305956 69.67956348072755 41.649826651989926 77.65732687024682 68.11434454608573 81.58905607683496 0.0 66.49518098182685 80.50715249099312 114.2443074866905 76.59367892260173 61.196814079082294 101.69940158294513 69.1669943634428 68.1189302591722 50.226155533120036 112.68419009838102 85.14764099015363 129.56800801252118 75.13372389258907 78.19930458969841 107.0928880416404 114.83383520166838 104.11240370030391 97.84492247015751 79.43901024216348 80.85673711367252 122.07887780144821 85.23288745283817 121.34018687816018 89.74057520339355 150.74609491468757 87.45008522003202 73.49027969911891 116.90034913259359 114.13594132394543 154.46328109068895 89.61560223996673 111.31703342345105 112.13020393190946 72.0389722997883 112.76737009885156 153.8543144499326 141.79717727367026 142.4606759902374 101.66429733424683 112.13020393190946 66.47526224250802 88.83532761382465 55.19880413101285 66.61341883660316 88.89958791503719 91.98506286913718 67.63727889659671 55.57934630275669 132.0922622059091
114.8831633119994 95.94937135849611 120.28404411607964 46.00687737633598 83.5473979164445 152.42041899345196 68.23051417696232 49.8217876812447 85.89729829544254 109.69780943687653 94.62845577169486 67.72865696879254 110.56298552301737 80.72893738640093 85.25984201796761 76.77293349532118 94.37106906084058 105.12878986876464 88.817139666556 126.88576598338517 91.38041475576624 113.85189988180696 97.93651389576567 63.64569034995776 84.87626324133905 66.49518098182685 0.0 107.2775069247722 83.12221086860265 71.33234060698476 84.48164326869237 86.59867667661604 115.02466498868486 116.48925440422904 116.65878519716715 96.21562944721754 97.21619634357226 80.9659470406946 152.76550633198906 56.899513093722284 106.664805594492 119.14073663809079 86.05425535050098 100.26315665933262 77.90978695306947 63.121204482144094 110.76069024037837 112.92929834813219 141.7870351388939 106.82850016221771 70.32085495818696 128.216875251121 151.24588383035092 66.4457399698367 85.36357199867575 61.80396088696241 112.77377915448075 93.20934048868642 129.4717177936865 99.76572314516623 92.43946005125557 83.63000706581394 72.33202213769178 55.711718398095186 151.4213523206294 106.93730852959762 116.08835699364684 97.49862739697005 120.10606569697573 80.9843934701606 60.65385289108685 112.35760693680018 34.45688675923296 60.279442103706344 103.63510713516581
94.16941085985908 95.41052319543246 103.63510713516581 107.97582705851171 115.5917136724337 151.490412554035 152.42041899345196 96.8200594118514 46.64226921385845 130.79565914224938 88.49787222744534 94.330149350443 109.5340231281002 94.81357226186167 119.45668189735628 131.7823506146146 127.52225700807311 100.1536947739001 137.279796009579 69.4498863354082 123.63891090965868 147.56760144398922 125.02933973885722 93.5526799659774 101.21215549896264 80.50715249099312 107.2775069247722 0.0 142.33180941593676 91.75592314917621 77.6663592749445 80.66980022127417 113.34127408986504 126.24199873973089 65.948630336519 117.70006114536989 86.4566299913817 89.51735447595932 97.28555106803009 142.33180941593676 65.75482165270304 135.97434360932792 79.03787749787288 112.02736027884109 93.02563754988704 129.07218934292132 74.62367950930692 95.89814160830234 117.42574423269073 130.34076204538883 109.05887039889173 88.12096728335668 109.9032954548562 107.85322303925692 86.20906283246103 113.84966382223645 84.32489286441162 98.15184650096923 66.5367288264726 75.61437789891393 23.11465152408651 121.11091045825032 96.28811645698286 126.83784198935501 137.0114549313507 121.9091270933894 115.78295157467878 113.10778566023458 103.4615410187021 110.29809404901265 114.41819045849125 103.6962412970457 66.17241157472897 83.73469985318009 104.28160035707985
100.41068489333024 96.63852518408687 96.82033547654588 117.7369658163547 111.72498825097726 87.06058382653723 82.04139608955529 119.63971970673441 55.61788508805142 90.26484808360395 58.27491325285086 80.54213600824217 83.04160537733452 104.80217038535618 117.58061726958762 85.70201051132587 135.89560872154357 103.90626143013661 77.23501946802332 123.83414576827674 162.81324316128462 125.18382418904318 119.45668189735628 110.15432256734964 105.36440445656338 114.2443074866905 83.12221086860265 142.33180941593676 0.0 95.8686430725075 75.80041644114579 83.07594449947223 92.91805573320417 74.76464142914969 102.78686015570264 114.71800860138968 77.67014826244721 78.12462040639797 77.41620218844571 121.37738505770355 108.55667004997194 131.16198653176204 74.95072080068944 108.09027556938408 83.34541720707169 117.5325000589781 98.09917435752743 99.88698745377326 102.63270787517119 87.82706703049888 106.32840613484116 88.02719041411463 54.3212807332215 100.55934597917056 103.36774729892018 119.97811196828066 91.55099420467414 99.08715892583145 139.43888888218518 84.35204732655157 135.7778339941849 104.16115558268235 99.41974733304433 73.45417052872111 107.1637619913395 59.444870179758304 94.330149350443 117.01568369813836 53.55354392187311 98.42688047714186 111.98196396887394 66.0773553235137 72.21209091093424 91.78965428552245 86.48969888025924
