25
0.0 91.68617395718493 128.37870385620394 72.65734924175212 73.44298832709975 70.20967723252576 110.26307789940148 104.05168275909627 148.47055300423534 89.8396408678534 136.92357027843303 98.63523198243344 76.68452001324755 110.06743898544038 148.47055300423534 74.09096708091526 114.93226979272306 139.33997902075686 97.49698874824037 69.66871792169083 124.80743928082018 76.55625127488175 124.8403367194291 140.44698752424316 64.38939259295208
91.68617395718493 0.0 35.344022430162966 121.48404778159868 67.87477414747707 127.09212397216956 78.1561577490522 63.67769908693782 101.59360974217473 75.61707515035782 74.62244723073228 106.66883588415573 86.10746281018454 51.32278352853251 63.63209095535119 115.19017895329348 126.78154480722279 102.8833661914717 86.27843191702144 113.42838796813143 86.43952029292511 148.85688529949746 82.161863257865 105.2879749845036 84.1689051560436
128.37870385620394 35.344022430162966 0.0 89.25486326959977 93.35638708576174 69.0654083609648 105.93603776098361 133.82205823103538 142.64652176067673 118.51336687478073 25.155517928823585 63.67769908693782 88.78648817099453 78.57688427424159 87.09917638594885 120.64885963583993 89.30700513765069 94.16385442844975 88.5158423868342 108.6799877245542 81.01169907569738 127.09212397216956 135.16780270109894 134.80681233948982 95.60071651098775
72.65734924175212 121.48404778159868 89.25486326959977 0.0 134.8391385845436 96.67520349383334 97.0707224062317 62.77134263396919 102.71063410293955 121.81422251913762 111.11399820925642 113.78337697707397 72.1750139438204 77.56229608427027 96.91077661063773 127.56985259225073 115.65943280892031 92.60971853955132 83.5955534884498 35.344022430162966 90.93741862152439 86.35804670614814 95.28733340709421 123.0081807859243 121.81422251913762
73.44298832709975 67.87477414747707 93.35638708576174 134.8391385845436 0.0 117.5694291782871 142.8875890566958 77.74917201126749 91.73899285682057 110.35304167803406 83.5955534884498 119.34587657841585 79.13300571397019 65.01590284214622 95.12437881019439 94.05909641941747 136.52676330679142 76.33529061058488 108.99027694087371 97.92931363231733 69.41992618515717 113.31293755724097 80.24545917335007 115.65943280892031 89.44555961681363
70.20967723252576 127.09212397216956 69.0654083609648 96.67520349383334 117.5694291782871 0.0 72.1750139438204 94.21222691683971 52.32744143107394 172.3331288994805 89.25486326959977 105.93603776098361 73.1953210993682 89.30700513765069 131.53452279761765 81.1120689121355 117.13661945435312 53.94894714386866 135.81103717214734 61.057646523790574 142.18271378461154 122.86763494043475 122.29717775571615 118.02456073735894 70.79223433707753
110.26307789940148 78.1561577490522 105.93603776098361 97.0707224062317 142.8875890566958 72.1750139438204 0.0 118.0474327569429 104.454354935962 114.93226979272306 98.01678349722457 153.04299730617208 50.02985116334002 86.10746281018454 127.56985259225073 114.35310790273108 135.81103717214734 97.0707224062317 94.16385442844975 123.42604456305656 94.59347465185638 136.77216929335833 143.20090582219643 61.46425455770685 103.55248999867827
104.05168275909627 63.67769908693782 133.82205823103538 62.77134263396919 77.74917201126749 94.21222691683971 118.0474327569429 0.0 122.30394559158388 112.55649842294986 101.57695127663551 121.81422251913762 117.42047830243249 127.71946783208949 135.82154685100727 116.97701117007094 70.8693101177193 105.21087612717524 81.50210429576629 122.30394559158388 148.47055300423534 112.9172806025398 97.5526430276551 134.80681233948982 92.60971853955132
148.47055300423534 101.59360974217473 142.64652176067673 102.71063410293955 91.73899285682057 52.32744143107394 104.454354935962 122.30394559158388 0.0 148.85688529949746 100.29846315734206 109.91203337205665 103.71122030550686 99.01122025754877 80.91812644494962 91.04081431674675 119.57183974116708 108.8873555789568 92.2149608849898 63.620662971449285 93.35079044129589 98.63045035196916 106.58553425120806 93.45636795866263 84.95731372244165
89.8396408678534 75.61707515035782 118.51336687478073 121.81422251913762 110.35304167803406 172.3331288994805 114.93226979272306 112.55649842294986 148.85688529949746 0.0 111.58540773880597 70.71699876292683 143.19303868005164 107.56830302093823 78.1561577490522 121.32553389346232 63.63209095535119 131.20290823452007 84.33444348206123 96.10253220355605 77.92313100043353 112.82260517692828 103.79661039167908 100.05477376409577 86.98821519207125
136.92357027843303 74.62244723073228 25.155517928823585 111.11399820925642 83.5955534884498 89.25486326959977 98.01678349722457 101.57695127663551 100.29846315734206 111.58540773880597 0.0 102.64203846054016 111.75956937983588 98.89044914254272 129.5088898911718 96.91077661063773 70.71699876292683 25.92879782062535 115.77595451881605 119.74157605326037 134.8391385845436 103.26056266714106 63.63209095535119 99.5694812968986 139.71322314793304
98.63523198243344 106.66883588415573 63.67769908693782 113.78337697707397 119.34587657841585 105.93603776098361 153.04299730617208 121.81422251913762 109.91203337205665 70.71699876292683 102.64203846054016 0.0 168.22481027900272 109.99025745665159 111.75956937983588 116.98802724277564 130.41335154255387 132.35892496186815 59.172374075512735 104.12384612736703 81.79780758240969 53.94894714386866 122.29717775571615 120.37559863468101 119.74157605326037
76.68452001324755 86.10746281018454 88.78648817099453 72.1750139438204 79.13300571397019 73.1953210993682 50.02985116334002 117.42047830243249 103.71122030550686 143.19303868005164 111.75956937983588 168.22481027900272 0.0 106.66883588415573 86.18927040858584 60.47546352302385 105.51166485185436 144.10483414755788 82.96148666172786 87.63263581773064 54.64580442067597 66.95871610347595 111.11399820925642 137.09074702757488 108.8873555789568
110.06743898544038 51.32278352853251 78.57688427424159 77.56229608427027 65.01590284214622 89.30700513765069 86.10746281018454 127.71946783208949 99.01122025754877 107.56830302093823 98.89044914254272 109.99025745665159 106.66883588415573 0.0 28.703316216699974 121.67441588156086 98.89386639423297 117.13661945435312 118.22849085513104 86.21887503336318 108.84684565520023 107.52569242686111 64.95989752057352 108.6799877245542 93.74670572703461
148.47055300423534 63.63209095535119 87.09917638594885 96.91077661063773 95.12437881019439 131.53452279761765 127.56985259225073 135.82154685100727 80.91812644494962 78.1561577490522 129.5088898911718 111.75956937983588 86.18927040858584 28.703316216699974 0.0 103.35431101516745 67.46485104647317 95.60071651098775 70.82204538951606 99.36287840184738 109.05871655139333 114.41188308487719 71.87775748684805 108.84684565520023 133.91750712443843
74.09096708091526 115.19017895329348 120.64885963583993 127.56985259225073 94.05909641941747 81.1120689121355 114.35310790273108 116.97701117007094 91.04081431674675 121.32553389346232 96.91077661063773 116.98802724277564 60.47546352302385 121.67441588156086 103.35431101516745 0.0 62.77134263396919 84.1689051560436 79.13300571397019 100.42766334126864 127.6886417640975 122.24383239910311 134.27610802837424 114.0851902136981 119.51864158145867
114.93226979272306 126.78154480722279 89.30700513765069 115.65943280892031 136.52676330679142 117.13661945435312 135.81103717214734 70.8693101177193 119.57183974116708 63.63209095535119 70.71699876292683 130.41335154255387 105.51166485185436 98.89386639423297 67.46485104647317 62.77134263396919 0.0 114.4205477007588 96.22749106878605 86.6013640352444 70.8693101177193 134.9593904654704 86.18927040858584 102.68659199167357 92.08718881730746
139.33997902075686 102.8833661914717 94.16385442844975 92.60971853955132 76.33529061058488 53.94894714386866 97.0707224062317 105.21087612717524 108.8873555789568 131.20290823452007 25.92879782062535 132.35892496186815 144.10483414755788 117.13661945435312 95.60071651098775 84.1689051560436 114.4205477007588 0.0 128.8960427043662 95.5830201689696 142.35654255742693 96.86320933645175 103.04416411448808 118.39003072524248 28.703316216699974
97.49698874824037 86.27843191702144 88.5158423868342 83.5955534884498 108.99027694087371 135.81103717214734 94.16385442844975 81.50210429576629 92.2149608849898 84.33444348206123 115.77595451881605 59.172374075512735 82.96148666172786 118.22849085513104 70.82204538951606 79.13300571397019 96.22749106878605 128.8960427043662 0.0 98.05449474891915 98.54522243999992 79.55352308070624 123.08180850428886 110.14391046538023 106.66883588415573
69.66871792169083 113.42838796813143 108.6799877245542 35.344022430162966 97.92931363231733 61.057646523790574 123.42604456305656 122.30394559158388 63.620662971449285 96.10253220355605 119.74157605326037 104.12384612736703 87.63263581773064 86.21887503336318 99.36287840184738 100.42766334126864 86.6013640352444 95.5830201689696 98.05449474891915 0.0 69.596477657223 103.25998461514506 93.14124710716568 95.44476290935745 93.14124710716568
124.80743928082018 86.43952029292511 81.01169907569738 90.93741862152439 69.41992618515717 142.18271378461154 94.59347465185638 148.47055300423534 93.35079044129589 77.92313100043353 134.8391385845436 81.79780758240969 54.64580442067597 108.84684565520023 109.05871655139333 127.6886417640975 70.8693101177193 142.35654255742693 98.54522243999992 69.596477657223 0.0 114.383330916311 144.1076023862188 94.86876400491514 114.20593991235144
76.55625127488175 148.85688529949746 127.09212397216956 86.35804670614814 113.31293755724097 122.86763494043475 136.77216929335833 112.9172806025398 98.63045035196916 112.82260517692828 103.26056266714106 53.94894714386866 66.95871610347595 107.52569242686111 114.41188308487719 122.24383239910311 134.9593904654704 96.86320933645175 79.55352308070624 103.25998461514506 114.383330916311 0.0 102.51846230861383 137.09074702757488 109.99025745665159
124.8403367194291 82.161863257865 135.16780270109894 95.28733340709421 80.24545917335007 122.29717775571615 143.20090582219643 97.5526430276551 106.58553425120806 103.79661039167908 63.63209095535119 122.29717775571615 111.11399820925642 64.95989752057352 71.87775748684805 134.27610802837424 86.18927040858584 103.04416411448808 123.08180850428886 93.14124710716568 144.1076023862188 102.51846230861383 0.0 117.60399249774993 93.42117533277955
140.44698752424316 105.2879749845036 134.80681233948982 123.0081807859243 115.65943280892031 118.02456073735894 61.46425455770685 134.80681233948982 93.45636795866263 100.05477376409577 99.5694812968986 120.37559863468101 137.09074702757488 108.6799877245542 108.84684565520023 114.0851902136981 102.68659199167357 118.39003072524248 110.14391046538023 95.44476290935745 94.86876400491514 137.09074702757488 117.60399249774993 0.0 76.94528309881284
64.38939259295208 84.1689051560436 95.60071651098775 121.81422251913762 89.44555961681363 70.79223433707753 103.55248999867827 92.60971853955132 84.95731372244165 86.98821519207125 139.71322314793304 119.74157605326037 108.8873555789568 93.74670572703461 133.91750712443843 119.51864158145867 92.08718881730746 28.703316216699974 106.66883588415573 93.14124710716568 114.20593991235144 109.99025745665159 93.42117533277955 76.94528309881284 0.0
