75
0.0 101.95651362605318 103.49172099404682 102.81899748833135 98.97992249144077 107.23556694299997 92.70978635122255 100.83026237622278 105.93894656864849 94.54630014763532 104.87875904783948 102.51583704285365 104.81139957019428 103.23701898817657 105.96663566658668 96.52583822295178 96.54352580212405 93.57427973145383 101.35056440190439 101.40879730874909 101.86156220542547 100.55429950765141 104.27160989853591 99.45526848379687 90.07902724434483 100.34947620708415 104.55325573001217 96.79452423915004 92.34399534270074 102.00760960784261 93.48845708278441 94.60981664547612 101.95651362605318 94.07564115470632 101.95651362605318 102.51583704285365 101.41675395893024 101.35056440190439 97.57469488370498 97.47391556257564 86.68200494598675 95.37192589362976 105.89600977113159 101.95651362605318 97.3951449361138 106.11201763884401 101.25682143433083 104.046165658928 101.41675395893024 102.70110268730046 96.84796569461703 107.23556694299997 106.31163267443121 104.55325573001217 97.51390194673068 103.15226553148099 96.14777001517328 105.96663566658668 101.19597366610314 99.99063074689565 95.754845790119 108.61148828938977 100.60524669488042 94.52357775354153 104.55325573001217 93.70771616148186 100.72342117425147 103.23701898817657 99.02424126820652 97.57469488370498 101.31609064329591 99.45904045601075 94.8811450144334 98.10216334779142 108.61148828938977
101.95651362605318 0.0 104.95158307697301 107.23556694299997 94.33446547299218 101.95651362605318 106.29211683218776 100.74322563121328 101.86156220542547 107.84419615729792 101.18042455049 99.70901825165603 101.46303682203828 101.26990326801209 105.9407977134284 100.20228456182828 98.5850290975461 94.43582162493767 92.37068804771889 103.36613331548398 98.19027994051214 94.24970567103146 89.19975359026775 96.71850405687948 104.9476600201563 95.01984477809827 92.41572118219511 92.35431515115312 98.5826193144054 96.71283597224746 104.34543420125556 104.046165658928 104.4962001634024 96.79376642406305 93.43037638360497 102.39551900510568 99.02424126820652 95.20571627677758 106.97514452938128 98.19983031639877 94.07388462214284 102.70110268730046 97.68924096542314 102.76229529453872 98.19983031639877 102.51074483066765 97.07650300032303 104.14007684277354 93.92735132230818 110.7278431017071 108.02740436232006 98.10216334779142 95.07178331700362 114.06412871119652 102.22409271460394 107.92934795070497 108.59026745487921 95.23453461946299 93.70771616148186 101.86156220542547 101.19597366610314 92.35431515115312 99.49259981574647 102.09605668177164 101.41234410939539 103.06412774278506 99.94084299144792 104.9476600201563 92.35431515115312 99.50954772017798 101.78357074866948 102.00760960784261 104.74837623498792 101.09240820553558 95.20571627677758
103.49172099404682 104.95158307697301 0.0 94.92351242366509 102.22409271460394 102.09605668177164 99.21345796314269 98.97992249144077 100.92769173897776 90.97599141277877 101.19597366610314 103.35803303115084 107.66330010217769 95.26576251915004 106.11201763884401 95.15188490692157 105.80486521949364 93.6780680953988 98.6291600550536 104.046165658928 98.03577208620811 101.41675395893024 104.55325573001217 98.32525443850511 98.17479247386264 105.94054332054236 95.26576251915004 106.11201763884401 100.14359072633393 94.66486849829457 111.66638925272329 101.9179088114634 101.40879730874909 94.43582162493767 104.52592136594592 99.44260744982726 93.9032560798807 90.67451222071958 98.19027994051214 89.25353715588899 96.30728151664067 93.43037638360497 94.59072217427695 97.22974771550525 104.47701857540463 103.06412774278506 92.6373432112068 99.21345796314269 105.93894656864849 95.6662412736241 110.5302439597777 108.32836538304102 96.12952304823459 94.54630014763532 102.51583704285365 98.98754605957859 98.19027994051214 98.43666237926146 102.49190448047199 94.8811450144334 105.96663566658668 88.71963708587558 100.1834362683345 99.50954772017798 98.03577208620811 104.74837623498792 104.95158307697301 93.70771616148186 114.06412871119652 98.19566112129051 93.57427973145383 100.34947620708415 90.85168600770938 94.8811450144334 107.21585311660192
102.81899748833135 107.23556694299997 94.92351242366509 0.0 95.4714150818371 93.70771616148186 92.34399534270074 106.11201763884401 93.57427973145383 104.34543420125556 106.24388843757771 105.89600977113159 96.30728151664067 94.59072217427695 108.68498255431552 99.45526848379687 93.9032560798807 100.60524669488042 104.27685512603156 93.48845708278441 94.54630014763532 102.22178617315139 93.7280231812041 105.88674333661682 95.27707910184597 100.55429950765141 98.6291600550536 105.56927630028616 102.26865930775396 90.07902724434483 93.45330806197887 101.15716858952474 101.95651362605318 90.85168600770938 104.046165658928 96.09325060135359 104.95158307697301 101.9179088114634 107.53697572881373 95.26576251915004 100.1834362683345 106.53537792323652 100.60524669488042 95.05674688806121 98.5850290975461 104.87875904783948 105.96663566658668 102.26865930775396 93.48845708278441 96.54352580212405 105.56927630028616 102.10773109727452 96.30407478886161 108.61668128120485 102.24914150501742 94.43582162493767 107.53697572881373 107.92934795070497 104.06541479681016 98.97992249144077 106.11201763884401 98.19983031639877 99.45904045601075 98.10216334779142 104.27685512603156 92.65639426782555 99.45526848379687 108.68498255431552 105.63160058147403 104.10367775522828 104.27685512603156 106.62056174686835 104.15525183958316 102.70110268730046 104.4962001634024
98.97992249144077 94.33446547299218 102.22409271460394 95.4714150818371 0.0 100.1834362683345 92.5356487179293 100.74322563121328 93.43037638360497 94.43582162493767 96.8172250747927 101.95651362605318 93.6780680953988 103.35803303115084 92.6373432112068 108.520256545971 97.68924096542314 99.70901825165603 107.84419615729792 99.90196401727633 100.83026237622278 93.48845708278441 102.99336629352449 108.02740436232006 97.47391556257564 101.26990326801209 103.04515451787275 94.07564115470632 105.89600977113159 105.64507906345862 95.212391886433 93.90392969058944 103.15226553148099 94.54630014763532 103.04515451787275 100.18610032806396 96.03102923592867 104.95158307697301 99.21345796314269 98.19983031639877 93.57427973145383 98.43666237926146 94.43582162493767 93.45330806197887 104.27685512603156 89.84677212342355 98.92634222567605 105.91316583802387 96.03102923592867 103.07868915452636 95.23453461946299 101.25682143433083 98.03577208620811 95.4714150818371 99.51009428279062 93.30144709542182 96.79452423915004 96.84796569461703 102.83597477330281 98.30133305945563 102.76229529453872 95.97165774989384 104.046165658928 97.4967799237514 98.32525443850511 102.76229529453872 99.22535179417311 99.50954772017798 104.46077688437047 100.86708718641262 95.05674688806121 95.4714150818371 92.65639426782555 104.95158307697301 105.09822018180262
107.23556694299997 101.95651362605318 102.09605668177164 93.70771616148186 100.1834362683345 0.0 96.54352580212405 92.3885711384673 105.94054332054236 98.5850290975461 104.27160989853591 110.7278431017071 102.70110268730046 108.75647337145543 94.66486849829457 96.71850405687948 102.76229529453872 100.91684739103242 100.384022489753 108.59026745487921 104.06541479681016 104.52592136594592 101.9179088114634 94.8811450144334 108.59026745487921 101.18042455049 100.34947620708415 108.02740436232006 99.70254940111265 92.35431515115312 95.15188490692157 101.35056440190439 105.64507906345862 107.53697572881373 99.70254940111265 102.51583704285365 99.51009428279062 104.46077688437047 102.00760960784261 106.62056174686835 94.24970567103146 98.84319940558622 99.22535179417311 96.71850405687948 92.5356487179293 93.92735132230818 94.24970567103146 96.2590864441082 100.72342117425147 104.87875904783948 99.70901825165603 89.84677212342355 101.64858361659562 107.85386103124883 105.40585058069011 105.96663566658668 94.52357775354153 102.00760960784261 108.59026745487921 95.754845790119 100.92769173897776 100.91684739103242 107.84419615729792 102.22409271460394 107.23556694299997 108.75647337145543 105.80486521949364 96.09325060135359 106.97514452938128 96.14777001517328 101.66597020466762 96.80172347738636 103.72810323574355 103.23701898817657 93.70771616148186
92.70978635122255 106.29211683218776 99.21345796314269 92.34399534270074 92.5356487179293 96.54352580212405 0.0 92.3885711384673 104.27685512603156 100.86708718641262 97.07650300032303 92.70978635122255 102.24914150501742 104.87875904783948 100.022782295398 96.09325060135359 90.8185346823181 105.88674333661682 96.54352580212405 102.99336629352449 95.11462020620394 104.34543420125556 102.51074483066765 100.91684739103242 103.15226553148099 90.8185346823181 94.24970567103146 93.86849167087492 88.71963708587558 104.42450591566804 97.3951449361138 91.61164513769107 106.53537792323652 100.34947620708415 96.80172347738636 104.81139957019428 95.4714150818371 104.06541479681016 90.07902724434483 101.64858361659562 99.21345796314269 92.77667649440932 108.61668128120485 99.62383595037456 94.60981664547612 106.62056174686835 98.10216334779142 102.70110268730046 89.25353715588899 92.77667649440932 107.23556694299997 106.29211683218776 100.18610032806396 89.19975359026775 104.74837623498792 99.70901825165603 92.41572118219511 105.63160058147403 94.92950854474539 90.07902724434483 108.75647337145543 102.70110268730046 95.15188490692157 90.97599141277877 96.2590864441082 104.046165658928 100.55481156693764 102.10773109727452 102.51074483066765 103.82866222699377 96.14777001517328 100.384022489753 98.03577208620811 99.99063074689565 94.66486849829457
100.83026237622278 100.74322563121328 98.97992249144077 106.11201763884401 100.74322563121328 92.3885711384673 92.3885711384673 0.0 106.97514452938128 98.10216334779142 96.09325060135359 98.6291600550536 96.72928692224387 101.66597020466762 93.86849167087492 100.83026237622278 100.18610032806396 108.61668128120485 96.09325060135359 94.56492144200794 104.15789839406455 98.32525443850511 104.14007684277354 101.66597020466762 89.84677212342355 104.87875904783948 93.43037638360497 96.80172347738636 98.98754605957859 95.01984477809827 99.70901825165603 100.92769173897776 90.07902724434483 96.30728151664067 99.50954772017798 98.98754605957859 98.67621801912486 98.6291600550536 90.8185346823181 113.76436657155726 104.4962001634024 89.2830090137348 102.24914150501742 93.7280231812041 96.14777001517328 108.59026745487921 96.30354864700452 102.35479975072734 102.61459956207115 104.9476600201563 99.50954772017798 96.09325060135359 104.46077688437047 102.83597477330281 104.15789839406455 101.89974518586764 105.63160058147403 99.45526848379687 99.45526848379687 94.59072217427695 98.19983031639877 104.47701857540463 96.84796569461703 102.35455324809807 102.51583704285365 102.22409271460394 104.52592136594592 105.91316583802387 107.23556694299997 113.76436657155726 100.384022489753 105.53515196721256 102.35479975072734 108.520256545971 97.4967799237514
105.93894656864849 101.86156220542547 100.92769173897776 93.57427973145383 93.43037638360497 105.94054332054236 104.27685512603156 106.97514452938128 0.0 107.9087874851775 111.66638925272329 95.37192589362976 99.51009428279062 90.07902724434483 108.02740436232006 98.67621801912486 102.22409271460394 93.43037638360497 93.57427973145383 106.62056174686835 94.56492144200794 102.70110268730046 105.88674333661682 108.59026745487921 108.32836538304102 98.5850290975461 104.046165658928 108.59026745487921 102.70110268730046 94.80476130644224 99.50954772017798 93.11610626651904 94.80476130644224 100.55481156693764 104.55325573001217 89.2830090137348 98.7030857239173 101.40879730874909 105.40585058069011 101.46303682203828 101.35056440190439 108.32836538304102 86.68200494598675 94.80476130644224 96.79452423915004 94.24970567103146 104.06541479681016 96.12952304823459 104.87875904783948 93.90392969058944 98.19566112129051 102.35455324809807 96.2590864441082 106.29211683218776 98.97992249144077 100.55429950765141 105.80486521949364 100.86708718641262 92.70978635122255 95.27707910184597 102.09605668177164 92.3885711384673 93.57427973145383 101.18042455049 92.5356487179293 96.71850405687948 87.64773443511534 107.9087874851775 97.51390194673068 102.22409271460394 99.51009428279062 89.25353715588899 93.30144709542182 100.91684739103242 100.55429950765141
94.54630014763532 107.84419615729792 90.97599141277877 104.34543420125556 94.43582162493767 98.5850290975461 100.86708718641262 98.10216334779142 107.9087874851775 0.0 102.10773109727452 100.83026237622278 103.06412774278506 100.34947620708415 94.52357775354153 99.44260744982726 91.61164513769107 95.23453461946299 110.5302439597777 105.53515196721256 98.66052565274896 102.51583704285365 110.5302439597777 99.94084299144792 98.30133305945563 104.74837623498792 99.90196401727633 90.8185346823181 99.90196401727633 102.22178617315139 107.85386103124883 93.7280231812041 101.40879730874909 92.70978635122255 92.37068804771889 90.07902724434483 113.24676408754792 93.30144709542182 93.11610626651904 97.68924096542314 101.54439592436314 104.06541479681016 93.7280231812041 106.53537792323652 98.43329264647586 106.53537792323652 91.61164513769107 96.09325060135359 93.48845708278441 93.57427973145383 93.70771616148186 100.74322563121328 99.62383595037456 96.09325060135359 100.384022489753 105.89600977113159 99.49259981574647 104.9476600201563 90.85168600770938 99.45904045601075 98.84319940558622 96.52583822295178 104.27160989853591 101.46303682203828 95.6662412736241 104.9476600201563 108.32836538304102 100.77087094070892 96.71850405687948 107.21585311660192 92.48553742091755 99.44260744982726 89.25353715588899 93.92735132230818 93.57427973145383
104.87875904783948 101.18042455049 101.19597366610314 106.24388843757771 96.8172250747927 104.27160989853591 97.07650300032303 96.09325060135359 111.66638925272329 102.10773109727452 0.0 97.07650300032303 103.35803303115084 96.80172347738636 114.06412871119652 112.09848054958248 103.15226553148099 95.15188490692157 105.9407977134284 96.12952304823459 96.30354864700452 95.20571627677758 108.61148828938977 105.89600977113159 95.212391886433 105.40585058069011 100.55429950765141 97.07650300032303 103.06412774278506 101.38588083667513 105.89600977113159 101.64858361659562 94.54630014763532 96.52583822295178 98.43666237926146 101.40879730874909 94.56492144200794 93.57427973145383 96.48889146648393 102.24914150501742 92.5356487179293 102.39551900510568 102.22178617315139 99.50954772017798 98.19027994051214 98.32525443850511 102.51074483066765 106.29211683218776 101.89974518586764 104.27160989853591 93.9032560798807 90.97599141277877 98.84319940558622 101.86156220542547 95.97165774989384 98.7030857239173 101.64858361659562 95.26576251915004 102.00760960784261 110.7278431017071 96.30728151664067 95.6662412736241 98.67621801912486 96.09325060135359 99.99063074689565 100.74322563121328 98.03577208620811 96.09325060135359 108.61148828938977 102.70110268730046 96.79452423915004 102.35479975072734 113.76436657155726 101.9179088114634 104.60987219795669
102.51583704285365 99.70901825165603 103.35803303115084 105.89600977113159 101.95651362605318 110.7278431017071 92.70978635122255 98.6291600550536 95.37192589362976 100.83026237622278 97.07650300032303 0.0 93.45330806197887 101.09240820553558 97.22974771550525 95.212391886433 99.49259981574647 101.38588083667513 94.07564115470632 98.7030857239173 94.92950854474539 104.10367775522828 98.32525443850511 95.27707910184597 89.84677212342355 98.17479247386264 96.71283597224746 96.71283597224746 95.37192589362976 100.83026237622278 101.95651362605318 104.34543420125556 100.60524669488042 96.30728151664067 101.54439592436314 93.30144709542182 89.2830090137348 102.22178617315139 97.68924096542314 104.46077688437047 100.20228456182828 108.32836538304102 93.11610626651904 92.77667649440932 95.212391886433 94.28005642016501 100.83026237622278 98.5826193144054 97.22974771550525 97.3951449361138 101.38588083667513 104.95158307697301 97.01501372053019 98.84319940558622 99.94084299144792 94.43582162493767 100.72342117425147 105.40585058069011 94.28005642016501 103.35803303115084 94.92950854474539 96.80172347738636 97.07650300032303 100.91699700864329 95.4714150818371 103.36613331548398 92.6373432112068 101.19597366610314 100.55429950765141 106.31163267443121 101.9179088114634 100.20228456182828 106.97514452938128 94.80476130644224 96.02344803626089
104.81139957019428 101.46303682203828 107.66330010217769 96.30728151664067 93.6780680953988 102.70110268730046 102.24914150501742 96.72928692224387 99.51009428279062 103.06412774278506 103.35803303115084 93.45330806197887 0.0 94.56492144200794 92.70978635122255 96.30354864700452 106.11201763884401 100.1834362683345 96.79452423915004 97.4967799237514 95.26576251915004 102.22178617315139 95.05674688806121 89.84677212342355 95.01984477809827 98.19566112129051 101.15716858952474 101.25682143433083 101.40879730874909 107.9087874851775 101.46303682203828 95.27707910184597 105.63160058147403 113.76436657155726 101.41234410939539 90.85168600770938 94.43582162493767 94.66486849829457 107.85386103124883 95.212391886433 96.2590864441082 108.02740436232006 95.07178331700362 96.14777001517328 107.53697572881373 104.42450591566804 89.2830090137348 95.01984477809827 96.30407478886161 95.37192589362976 90.67451222071958 104.9476600201563 101.64858361659562 103.72810323574355 104.9476600201563 100.91699700864329 96.72928692224387 93.43037638360497 100.1834362683345 96.30354864700452 98.92634222567605 104.046165658928 102.47067811659358 90.07902724434483 92.37068804771889 96.14777001517328 103.72810323574355 103.15226553148099 101.40879730874909 97.01501372053019 94.54630014763532 103.07868915452636 99.62383595037456 110.7278431017071 94.59072217427695
103.23701898817657 101.26990326801209 95.26576251915004 94.59072217427695 103.35803303115084 108.75647337145543 104.87875904783948 101.66597020466762 90.07902724434483 100.34947620708415 96.80172347738636 101.09240820553558 94.56492144200794 0.0 101.41675395893024 94.92351242366509 96.80172347738636 99.50954772017798 105.40585058069011 96.52583822295178 101.89974518586764 100.91684739103242 98.84319940558622 104.74837623498792 98.17479247386264 91.61164513769107 106.24388843757771 94.07388462214284 104.42450591566804 98.97992249144077 93.90392969058944 99.45904045601075 96.30354864700452 106.11201763884401 102.83597477330281 100.83026237622278 99.44260744982726 92.5356487179293 105.80486521949364 104.9476600201563 98.19566112129051 97.57469488370498 94.43582162493767 100.4689756577381 95.01984477809827 103.07868915452636 105.88674333661682 99.45526848379687 92.3885711384673 98.32525443850511 99.21345796314269 95.6662412736241 98.32525443850511 100.92769173897776 93.11610626651904 101.18042455049 106.29211683218776 98.21072317860552 95.07178331700362 100.20228456182828 99.72170489105208 91.61164513769107 97.01501372053019 99.72170489105208 100.92900401994554 92.70978635122255 100.91699700864329 108.61148828938977 108.520256545971 95.6662412736241 93.9032560798807 96.71850405687948 100.4689756577381 103.35803303115084 96.80172347738636
105.96663566658668 105.9407977134284 106.11201763884401 108.68498255431552 92.6373432112068 94.66486849829457 100.022782295398 93.86849167087492 108.02740436232006 94.52357775354153 114.06412871119652 97.22974771550525 92.70978635122255 101.41675395893024 0.0 102.26865930775396 100.4689756577381 93.6780680953988 105.63160058147403 99.44260744982726 94.60981664547612 110.7278431017071 96.48889146648393 95.01984477809827 98.43329264647586 96.71850405687948 92.48553742091755 95.11462020620394 106.53537792323652 106.793337693715 103.15226553148099 105.80486521949364 94.07564115470632 99.45904045601075 110.7278431017071 96.52583822295178 102.24914150501742 102.35479975072734 104.34543420125556 97.4967799237514 100.83026237622278 106.53537792323652 105.09822018180262 95.4714150818371 92.48553742091755 108.61148828938977 99.50954772017798 103.35803303115084 99.45904045601075 91.61164513769107 95.754845790119 96.54352580212405 104.06541479681016 105.63160058147403 111.66638925272329 90.07902724434483 94.60981664547612 113.24676408754792 104.60987219795669 102.83597477330281 89.84677212342355 96.30407478886161 98.43666237926146 93.70771616148186 104.60987219795669 100.34947620708415 105.89600977113159 101.66597020466762 92.41572118219511 103.06412774278506 100.74322563121328 98.30133305945563 102.70110268730046 107.23556694299997 99.22535179417311
96.52583822295178 100.20228456182828 95.15188490692157 99.45526848379687 108.520256545971 96.71850405687948 96.09325060135359 100.83026237622278 98.67621801912486 99.44260744982726 112.09848054958248 95.212391886433 96.30354864700452 94.92351242366509 102.26865930775396 0.0 101.54439592436314 99.49259981574647 98.10216334779142 105.56927630028616 106.11201763884401 100.72342117425147 102.09605668177164 86.68200494598675 101.41234410939539 102.22178617315139 100.022782295398 106.24388843757771 92.5356487179293 100.20228456182828 101.86156220542547 93.6780680953988 101.41675395893024 102.22178617315139 93.9032560798807 103.82866222699377 102.22178617315139 104.42450591566804 87.64773443511534 105.9407977134284 89.2830090137348 103.06412774278506 114.06412871119652 93.45330806197887 100.1834362683345 94.54630014763532 104.55325573001217 106.11201763884401 93.9032560798807 101.41234410939539 105.40585058069011 102.83597477330281 104.52592136594592 96.79376642406305 97.4967799237514 102.47067811659358 99.49259981574647 102.09605668177164 99.50954772017798 100.55481156693764 97.01501372053019 100.86708718641262 101.64858361659562 104.046165658928 100.60524669488042 100.4689756577381 104.46077688437047 105.80486521949364 99.50954772017798 100.91699700864329 89.84677212342355 104.046165658928 99.94084299144792 102.99336629352449 94.60981664547612
96.54352580212405 98.5850290975461 105.80486521949364 93.9032560798807 97.68924096542314 102.76229529453872 90.8185346823181 100.18610032806396 102.22409271460394 91.61164513769107 103.15226553148099 99.49259981574647 106.11201763884401 96.80172347738636 100.4689756577381 101.54439592436314 0.0 101.25682143433083 97.07650300032303 100.022782295398 94.66486849829457 96.48889146648393 99.51009428279062 96.52583822295178 105.91316583802387 96.8172250747927 100.91684739103242 100.022782295398 96.79376642406305 94.28005642016501 106.793337693715 99.72170489105208 98.10216334779142 101.35056440190439 102.22178617315139 94.8811450144334 104.87875904783948 104.42450591566804 104.09039633977349 105.63160058147403 101.66597020466762 101.95651362605318 96.71850405687948 99.22535179417311 97.01501372053019 100.18610032806396 98.97992249144077 107.84419615729792 89.84677212342355 93.92735132230818 93.57427973145383 101.46303682203828 101.64858361659562 98.97992249144077 108.61148828938977 99.72170489105208 95.97165774989384 98.7030857239173 97.22974771550525 97.3951449361138 93.6780680953988 96.52583822295178 104.27685512603156 104.55325573001217 106.31163267443121 95.23453461946299 104.14007684277354 105.9407977134284 102.70110268730046 97.4967799237514 96.80172347738636 104.60987219795669 99.22535179417311 100.77087094070892 101.25682143433083
93.57427973145383 94.43582162493767 93.6780680953988 100.60524669488042 99.70901825165603 100.91684739103242 105.88674333661682 108.61668128120485 93.43037638360497 95.23453461946299 95.15188490692157 101.38588083667513 100.1834362683345 99.50954772017798 93.6780680953988 99.49259981574647 101.25682143433083 0.0 93.70771616148186 100.34947620708415 100.55481156693764 111.66638925272329 104.4962001634024 96.84796569461703 100.83026237622278 106.97514452938128 91.61164513769107 97.3951449361138 101.78357074866948 99.50954772017798 99.94084299144792 91.61164513769107 97.57469488370498 104.31734337686056 98.92634222567605 106.793337693715 105.56927630028616 103.04515451787275 102.47067811659358 103.04515451787275 94.8811450144334 101.38588083667513 92.37068804771889 98.21072317860552 100.91684739103242 93.30144709542182 102.22178617315139 104.27160989853591 96.30354864700452 93.48845708278441 108.68498255431552 101.89974518586764 89.2830090137348 96.30354864700452 102.26865930775396 95.01984477809827 104.34543420125556 99.22535179417311 100.49626567468512 98.19983031639877 93.92735132230818 104.14007684277354 104.15525183958316 104.52592136594592 98.92634222567605 101.18042455049 100.55429950765141 98.5850290975461 92.34311700836537 98.10216334779142 92.48553742091755 105.40585058069011 107.21585311660192 94.39993663626768 98.5850290975461
101.35056440190439 92.37068804771889 98.6291600550536 104.27685512603156 107.84419615729792 100.384022489753 96.54352580212405 96.09325060135359 93.57427973145383 110.5302439597777 105.9407977134284 94.07564115470632 96.79452423915004 105.40585058069011 105.63160058147403 98.10216334779142 97.07650300032303 93.70771616148186 0.0 92.6373432112068 108.61148828938977 101.41234410939539 103.36613331548398 96.30407478886161 98.30133305945563 100.77087094070892 96.54352580212405 99.72170489105208 108.68498255431552 102.26865930775396 95.754845790119 98.92634222567605 99.90196401727633 92.65639426782555 108.32836538304102 107.85386103124883 104.47701857540463 101.09240820553558 104.27685512603156 96.71850405687948 95.07178331700362 108.32836538304102 99.99063074689565 92.34399534270074 100.77087094070892 99.90196401727633 98.32525443850511 101.41675395893024 98.98754605957859 100.54163755953064 96.2590864441082 114.06412871119652 98.7030857239173 105.9407977134284 100.49626567468512 99.44260744982726 113.76436657155726 96.72928692224387 92.5356487179293 96.84796569461703 98.92634222567605 100.92900401994554 100.83026237622278 112.09848054958248 98.10216334779142 96.8172250747927 104.09039633977349 104.34543420125556 100.91699700864329 94.56492144200794 108.75647337145543 112.09848054958248 94.99786896223239 93.70771616148186 98.6291600550536
101.40879730874909 103.36613331548398 104.046165658928 93.48845708278441 99.90196401727633 108.59026745487921 102.99336629352449 94.56492144200794 106.62056174686835 105.53515196721256 96.12952304823459 98.7030857239173 97.4967799237514 96.52583822295178 99.44260744982726 105.56927630028616 100.022782295398 100.34947620708415 92.6373432112068 0.0 104.52592136594592 93.86849167087492 108.68498255431552 96.30728151664067 86.68200494598675 102.83597477330281 87.64773443511534 108.61148828938977 100.34947620708415 100.55481156693764 108.68498255431552 101.64858361659562 104.15525183958316 95.6662412736241 110.7278431017071 101.66597020466762 102.51074483066765 93.9032560798807 110.5302439597777 97.51390194673068 94.52629526031807 93.7280231812041 107.9087874851775 102.81899748833135 108.75647337145543 103.35803303115084 109.33726714009079 94.39993663626768 112.09848054958248 93.30144709542182 94.8811450144334 88.71963708587558 102.47067811659358 94.24970567103146 102.10773109727452 104.52592136594592 94.52357775354153 104.09039633977349 98.98754605957859 94.8811450144334 102.83597477330281 102.22178617315139 96.30354864700452 92.34311700836537 93.70771616148186 94.66486849829457 102.76229529453872 104.74837623498792 95.97165774989384 102.09605668177164 102.99336629352449 94.92351242366509 101.41234410939539 101.9179088114634 100.54163755953064
101.86156220542547 98.19027994051214 98.03577208620811 94.54630014763532 100.83026237622278 104.06541479681016 95.11462020620394 104.15789839406455 94.56492144200794 98.66052565274896 96.30354864700452 94.92950854474539 95.26576251915004 101.89974518586764 94.60981664547612 106.11201763884401 94.66486849829457 100.55481156693764 108.61148828938977 104.52592136594592 0.0 94.43582162493767 104.52592136594592 108.59026745487921 102.51583704285365 92.34399534270074 102.70110268730046 102.35479975072734 93.92735132230818 96.02344803626089 98.5826193144054 100.34947620708415 100.92769173897776 92.37068804771889 104.60987219795669 102.51074483066765 94.66486849829457 102.35479975072734 107.23556694299997 92.70978635122255 105.09822018180262 99.49259981574647 110.5302439597777 113.76436657155726 96.71850405687948 89.2830090137348 102.76229529453872 101.19597366610314 101.64858361659562 108.61668128120485 104.14007684277354 100.83026237622278 104.9476600201563 95.23453461946299 101.18042455049 94.24970567103146 107.21585311660192 98.21072317860552 104.27685512603156 99.99063074689565 92.5356487179293 106.793337693715 92.48553742091755 104.27160989853591 100.83026237622278 99.49259981574647 105.88674333661682 99.70901825165603 102.76229529453872 99.70254940111265 105.80486521949364 102.76229529453872 98.84319940558622 96.12952304823459 96.30728151664067
100.55429950765141 94.24970567103146 101.41675395893024 102.22178617315139 93.48845708278441 104.52592136594592 104.34543420125556 98.32525443850511 102.70110268730046 102.51583704285365 95.20571627677758 104.10367775522828 102.22178617315139 100.91684739103242 110.7278431017071 100.72342117425147 96.48889146648393 111.66638925272329 101.41234410939539 93.86849167087492 94.43582162493767 0.0 95.01984477809827 104.10367775522828 101.19597366610314 99.45526848379687 96.02344803626089 104.55325573001217 93.57427973145383 94.59072217427695 94.52629526031807 103.82866222699377 104.9476600201563 103.07868915452636 95.23453461946299 90.97599141277877 102.22178617315139 107.85386103124883 104.47701857540463 110.7278431017071 99.94084299144792 96.30354864700452 114.06412871119652 108.61668128120485 95.26576251915004 105.9407977134284 101.18042455049 98.84319940558622 92.6373432112068 108.32836538304102 105.88674333661682 95.37192589362976 105.94054332054236 105.64507906345862 89.2830090137348 108.520256545971 96.72928692224387 99.94084299144792 104.15525183958316 98.67621801912486 98.6291600550536 107.53697572881373 104.09039633977349 87.64773443511534 96.30354864700452 95.212391886433 94.92351242366509 101.15716858952474 106.97514452938128 93.90392969058944 95.37192589362976 94.52629526031807 100.49626567468512 105.93894656864849 101.41675395893024
104.27160989853591 89.19975359026775 104.55325573001217 93.7280231812041 102.99336629352449 101.9179088114634 102.51074483066765 104.14007684277354 105.88674333661682 110.5302439597777 108.61148828938977 98.32525443850511 95.05674688806121 98.84319940558622 96.48889146648393 102.09605668177164 99.51009428279062 104.4962001634024 103.36613331548398 108.68498255431552 104.52592136594592 95.01984477809827 0.0 103.72810323574355 94.66486849829457 102.24914150501742 104.46077688437047 94.56492144200794 104.046165658928 101.41675395893024 92.65639426782555 92.34399534270074 95.23453461946299 100.60524669488042 102.81899748833135 95.754845790119 104.31734337686056 93.70771616148186 94.66486849829457 102.61459956207115 100.60524669488042 94.59072217427695 90.85168600770938 101.8461524220191 103.15226553148099 105.9407977134284 95.15188490692157 101.31609064329591 104.06541479681016 104.42450591566804 87.64773443511534 92.77667649440932 92.6373432112068 107.23556694299997 102.99336629352449 104.52592136594592 96.09325060135359 106.97514452938128 102.09605668177164 100.92769173897776 100.83026237622278 110.5302439597777 103.49172099404682 101.19597366610314 100.55429950765141 104.9476600201563 95.37192589362976 99.94084299144792 96.2590864441082 96.30407478886161 100.92900401994554 101.41234410939539 100.77087094070892 96.14777001517328 103.07868915452636
99.45526848379687 96.71850405687948 98.32525443850511 105.88674333661682 108.02740436232006 94.8811450144334 100.91684739103242 101.66597020466762 108.59026745487921 99.94084299144792 105.89600977113159 95.27707910184597 89.84677212342355 104.74837623498792 95.01984477809827 86.68200494598675 96.52583822295178 96.84796569461703 96.30407478886161 96.30728151664067 108.59026745487921 104.10367775522828 103.72810323574355 0.0 100.72342117425147 95.37192589362976 101.86156220542547 97.3951449361138 98.19566112129051 104.27685512603156 108.75647337145543 96.71283597224746 107.23556694299997 100.74322563121328 101.35056440190439 93.30144709542182 106.31163267443121 93.30144709542182 102.39551900510568 105.89600977113159 101.66597020466762 98.19027994051214 104.14007684277354 98.32525443850511 106.62056174686835 91.61164513769107 98.43666237926146 94.59072217427695 93.9032560798807 95.20571627677758 96.80172347738636 107.85386103124883 102.10773109727452 94.54630014763532 106.29211683218776 101.41234410939539 99.90196401727633 101.78357074866948 88.71963708587558 106.97514452938128 92.41572118219511 93.57427973145383 99.99063074689565 94.60981664547612 108.61668128120485 90.67451222071958 103.07868915452636 93.86849167087492 89.19975359026775 112.09848054958248 93.9032560798807 97.68924096542314 104.87875904783948 94.43582162493767 95.23453461946299
90.07902724434483 104.9476600201563 98.17479247386264 95.27707910184597 97.47391556257564 108.59026745487921 103.15226553148099 89.84677212342355 108.32836538304102 98.30133305945563 95.212391886433 89.84677212342355 95.01984477809827 98.17479247386264 98.43329264647586 101.41234410939539 105.91316583802387 100.83026237622278 98.30133305945563 86.68200494598675 102.51583704285365 101.19597366610314 94.66486849829457 100.72342117425147 0.0 104.4962001634024 103.72810323574355 98.98754605957859 97.68924096542314 95.23453461946299 95.4714150818371 104.27685512603156 109.33726714009079 101.64858361659562 100.91684739103242 93.43037638360497 97.47391556257564 100.384022489753 104.55325573001217 95.23453461946299 95.754845790119 90.8185346823181 99.62383595037456 93.45330806197887 102.24914150501742 98.67621801912486 93.90392969058944 94.99786896223239 90.8185346823181 97.68924096542314 102.70110268730046 101.25682143433083 101.38588083667513 96.54352580212405 105.64507906345862 92.3885711384673 107.85386103124883 106.53537792323652 104.55325573001217 104.15525183958316 99.50954772017798 106.62056174686835 100.34947620708415 104.15525183958316 104.06541479681016 114.06412871119652 98.84319940558622 106.793337693715 105.63160058147403 100.022782295398 107.85386103124883 94.28005642016501 99.21345796314269 96.48889146648393 97.4967799237514
100.34947620708415 95.01984477809827 105.94054332054236 100.55429950765141 101.26990326801209 101.18042455049 90.8185346823181 104.87875904783948 98.5850290975461 104.74837623498792 105.40585058069011 98.17479247386264 98.19566112129051 91.61164513769107 96.71850405687948 102.22178617315139 96.8172250747927 106.97514452938128 100.77087094070892 102.83597477330281 92.34399534270074 99.45526848379687 102.24914150501742 95.37192589362976 104.4962001634024 0.0 98.03577208620811 97.68924096542314 95.754845790119 94.54630014763532 107.66330010217769 103.04515451787275 99.70901825165603 105.93894656864849 90.97599141277877 110.5302439597777 102.24914150501742 100.4689756577381 93.45330806197887 95.20571627677758 98.5850290975461 89.84677212342355 103.06412774278506 104.4962001634024 90.97599141277877 99.70254940111265 104.47701857540463 102.35455324809807 97.47391556257564 92.37068804771889 102.35455324809807 101.8461524220191 100.72342117425147 102.81899748833135 101.89974518586764 100.91699700864329 98.92634222567605 92.41572118219511 92.34399534270074 93.7280231812041 97.01501372053019 103.07868915452636 95.754845790119 100.384022489753 95.6662412736241 107.84419615729792 101.95651362605318 96.09325060135359 104.27160989853591 98.6291600550536 100.34947620708415 95.20571627677758 88.71963708587558 90.85168600770938 93.70771616148186
104.55325573001217 92.41572118219511 95.26576251915004 98.6291600550536 103.04515451787275 100.34947620708415 94.24970567103146 93.43037638360497 104.046165658928 99.90196401727633 100.55429950765141 96.71283597224746 101.15716858952474 106.24388843757771 92.48553742091755 100.022782295398 100.91684739103242 91.61164513769107 96.54352580212405 87.64773443511534 102.70110268730046 96.02344803626089 104.46077688437047 101.86156220542547 103.72810323574355 98.03577208620811 0.0 98.17479247386264 103.04515451787275 97.3951449361138 96.52583822295178 98.67621801912486 105.91316583802387 98.84319940558622 98.67621801912486 106.11201763884401 101.8461524220191 102.51583704285365 100.91699700864329 106.11201763884401 94.59072217427695 95.23453461946299 96.30728151664067 99.45904045601075 108.61148828938977 99.51009428279062 102.10773109727452 101.25682143433083 102.22409271460394 95.6662412736241 107.9087874851775 90.67451222071958 95.27707910184597 101.89974518586764 95.20571627677758 106.31163267443121 104.60987219795669 101.78357074866948 90.97599141277877 104.95158307697301 100.022782295398 96.03102923592867 100.4689756577381 101.78357074866948 101.46303682203828 94.07564115470632 102.24914150501742 94.33446547299218 86.68200494598675 101.64858361659562 99.72170489105208 96.52583822295178 104.87875904783948 94.28005642016501 100.1834362683345
96.79452423915004 92.35431515115312 106.11201763884401 105.56927630028616 94.07564115470632 108.02740436232006 93.86849167087492 96.80172347738636 108.59026745487921 90.8185346823181 97.07650300032303 96.71283597224746 101.25682143433083 94.07388462214284 95.11462020620394 106.24388843757771 100.022782295398 97.3951449361138 99.72170489105208 108.61148828938977 102.35479975072734 104.55325573001217 94.56492144200794 97.3951449361138 98.98754605957859 97.68924096542314 98.17479247386264 0.0 101.38588083667513 98.5826193144054 101.78357074866948 104.27160989853591 94.80476130644224 108.68498255431552 105.53515196721256 89.19975359026775 99.45526848379687 100.18610032806396 102.70110268730046 96.48889146648393 105.80486521949364 95.37192589362976 108.32836538304102 113.24676408754792 105.9407977134284 92.34311700836537 104.9476600201563 92.34311700836537 113.24676408754792 100.55429950765141 108.32836538304102 100.92900401994554 98.84319940558622 92.3885711384673 101.18042455049 101.26990326801209 101.09240820553558 100.18610032806396 98.5850290975461 98.21072317860552 90.07902724434483 104.15525183958316 110.5302439597777 100.1834362683345 104.09039633977349 95.4714150818371 102.51583704285365 96.14777001517328 97.51390194673068 108.32836538304102 104.81139957019428 89.19975359026775 92.5356487179293 104.87875904783948 107.53697572881373
92.34399534270074 98.5826193144054 100.14359072633393 102.26865930775396 105.89600977113159 99.70254940111265 88.71963708587558 98.98754605957859 102.70110268730046 99.90196401727633 103.06412774278506 95.37192589362976 101.40879730874909 104.42450591566804 106.53537792323652 92.5356487179293 96.79376642406305 101.78357074866948 108.68498255431552 100.34947620708415 93.92735132230818 93.57427973145383 104.046165658928 98.19566112129051 97.68924096542314 95.754845790119 103.04515451787275 101.38588083667513 0.0 97.51390194673068 99.94084299144792 104.42450591566804 95.6662412736241 104.27160989853591 106.31163267443121 103.82866222699377 100.72342117425147 96.54352580212405 103.15226553148099 106.29211683218776 105.09822018180262 96.14777001517328 96.84796569461703 111.66638925272329 103.23701898817657 102.81899748833135 93.43037638360497 98.19566112129051 108.59026745487921 101.78357074866948 99.99063074689565 108.59026745487921 107.53697572881373 101.9179088114634 92.77667649440932 101.41675395893024 99.99063074689565 100.4689756577381 114.06412871119652 94.07388462214284 98.84319940558622 97.51390194673068 100.83026237622278 98.19983031639877 93.6780680953988 101.35056440190439 92.65639426782555 97.22974771550525 104.10367775522828 100.74322563121328 95.26576251915004 99.22535179417311 106.793337693715 88.71963708587558 110.5302439597777
