100
0.0 114.13875670453406 96.94112875107524 105.381638587457 104.07927074094738 93.79607269428595 97.83940794402784 100.14759790263626 98.56566321947419 97.8168595242222 101.31682666977217 107.86090110235214 98.68625235959604 96.47351688318874 94.9812880488289 104.35135052730399 101.60066522382665 100.14759790263626 92.40530383452875 97.73756862766759 84.91347678102726 88.55869433594648 104.19127407603158 94.28011603704104 102.46329934259622 102.60155086932758 105.55239382991952 95.58087222221168 109.71412216918995 99.82518589099263 99.76467831921258 99.17626580404472 104.46690658591892 107.33729529095703 93.81159503820443 98.73169929623883 108.59898353551822 95.03252802948258 99.70178235942036 102.55889520607951 105.44092849444166 98.60802624530723 103.11676367523174 95.09326204628378 99.82109743436332 107.0367989754256 101.38733965309757 99.35623783509347 96.62574635875815 97.13482591757545 99.19326332891076 97.87906234065476 97.47723071698408 102.10725686137575 107.15716828443175 102.27574928338049 94.52292505391151 101.94790341477051 104.93302443454277 101.04526442929723 98.33877952307137 101.31715281111178 108.99875787927655 93.10201688539449 95.11561666148708 93.7457947748808 109.01194996691623 90.85194026721855 102.8178189981669 100.99631383373347 107.18979698493646 107.93572544242993 112.82693974230709 93.4279892938176 95.41407225668489 98.30912832943127 98.60802624530723 100.32930662150436 100.40229486598761 107.56048042811511 97.1393655807 100.16436856572513 95.77034773870963 86.61359826618221 99.13895015357062 96.64594097798437 111.46291031317392 101.28609075686587 98.17006204475487 92.94730518120103 106.30064164347112 108.58753492616776 101.8545242276959 96.86610878833271 103.5618305610685 93.90077849544596 96.93577450489175 105.05150694647817 90.65901328126985 100.3256078094296
114.13875670453406 0.0 100.54565478744377 97.56484159721528 100.65872479784481 93.14667500891206 90.68757623658249 96.17070007033753 101.22145891196402 99.6797833918103 98.66611718506083 100.75810603423251 90.02861872434504 100.06479333207128 110.1861575435291 98.32932568407398 98.722485501681 100.49638962202211 94.75067636051723 100.10480809893856 97.8121341159862 93.26674310426064 96.34133471499602 104.88705607973371 101.83945984393837 109.02087291190388 92.71447427019514 94.66856826140462 98.56509732101318 90.26256696800395 103.6917356308322 99.17626580404472 103.99373067032838 105.74044623365289 102.81657705081513 108.59898353551822 94.43820034585619 103.86186163176258 93.37184375585102 100.62021085114462 105.44092849444166 107.923211036329 106.63633119193125 100.80479636791434 104.88790916166492 107.20220087342355 99.37760236839075 96.84875540345638 100.86788230835869 99.52400617670932 84.91347678102726 91.40310450321911 100.81729731390966 97.60652921074319 94.16080584311936 95.3793346705981 103.89042965270171 91.5777612789873 99.52085831024655 98.6945326865271 97.8168595242222 107.59314533345855 101.32639753847805 101.8545242276959 107.768377043038 105.06760296572608 86.58460028222878 96.71811163233211 89.52688168817433 100.00217233604197 99.22286702560696 107.47050449626474 107.14866809513047 98.91165767967672 100.05156978532743 99.64691977604728 110.91141701244348 99.72940995586363 104.41417033943686 99.40895617439294 104.5556430284988 105.23640619416321 105.74996356161256 97.1393655807 106.5416741933858 94.98670761712441 98.86577983295882 105.48459930128018 92.96524284647043 98.49361519676599 105.35586337242003 96.53931723551823 89.32987507292354 105.381638587457 97.91803587697088 103.99728176699064 98.56148394383969 102.25593128313824 96.19633727687163 99.55715685256197
96.94112875107524 100.54565478744377 0.0 104.44236572153146 92.1927799027554 100.31754130867552 97.93425595103594 96.68545144148348 109.26605276827351 93.68104072345761 99.25932220467082 99.52509607409414 104.35231018864985 102.32877505068093 97.08443337034753 106.7112988098448 89.52688168817433 91.07127578273348 100.19848087230017 100.47688905681409 99.19504330696938 102.33968009797286 98.4503390978861 99.98977141101265 102.39081946935896 96.95836260533233 109.09464974435599 109.93062532911863 100.64319039725018 108.29063937315173 86.7210442643481 102.70467008736604 100.87951529011694 100.64856612626124 105.21725398108757 87.67362300947417 100.02347692986366 95.3793346705981 95.54788477217365 97.2035096175327 99.9672150780048 105.21833599473203 108.52037174542589 98.30912832943127 102.2162056003881 103.99172616227715 92.7939875400152 102.61356142976946 102.8442178615689 101.86336313125906 109.5627246753672 100.75751929039576 104.77901541282863 95.7219701896742 106.30520237489738 98.81892700387128 102.46329934259622 98.43997460161722 106.96403533617827 98.75487254707664 102.22120509957415 94.32323040220625 96.74029967771583 104.39319332668153 95.79025293503159 89.32987507292354 96.09867190811269 110.20779649769509 93.76143890076966 102.12484497001626 103.25847563983146 95.34546431698668 100.02352404053526 102.10784293314377 98.97803095692872 99.2608981657058 97.28379366180408 105.41570874880621 103.07989709941627 107.33685377190878 97.94628255158318 92.81953920725248 98.78052837849394 99.95442232435047 103.0342567351222 97.09218081205486 101.68910546700631 88.84722695963539 102.73707962507399 98.22029523743211 89.54079231325314 100.8061675000999 97.96791064024896 101.97363277204633 102.37406095430589 107.07419585193296 95.56792256285821 98.71423428925914 94.84355225086472 99.77717475722993
105.381638587457 97.56484159721528 104.44236572153146 0.0 96.89204008685228 98.06892741280622 92.86699100858758 104.5556430284988 97.8362140224295 98.56566321947419 97.35745674522431 111.93556261171094 98.95646342693486 98.28401339779005 103.34025777044216 93.91102044843782 104.6970100378757 103.14025490356634 103.25339213344682 97.64732362375072 104.8099561039178 92.55465585308674 96.470313953903 106.66163516233345 100.19253886957632 96.69807740395727 108.74015718524716 106.84576723195303 97.77467928890266 92.5671997986506 101.0583947201242 101.04526442929723 94.21348395490774 100.837023562905 96.39061400470625 89.89290560054897 100.89859062192191 99.64399699407484 111.42345819490697 99.52400617670932 102.05468090499166 99.75834402549587 95.84526589885303 96.9978661077837 92.86020417486984 103.92532066568876 105.58052052139381 101.16866487936872 105.80151808274104 100.33074982981401 86.63456171995345 106.5801160854427 89.75679986968481 96.16139371222344 95.8854894316515 108.25473652658874 96.34133471499602 103.54395030565453 96.71811163233211 100.00132349284044 99.29638954808782 98.32932568407398 91.53407990321571 98.90133778054518 94.5540072266694 104.26449505324427 93.4279892938176 105.4974089244145 97.78051457995421 99.01823218057204 95.0355509012649 101.23611533997219 102.55889520607951 103.14025490356634 92.71509015318577 96.30683155572984 105.40715305517901 101.39063793469002 96.20287576276128 104.88790916166492 101.97868130459428 101.4495627670227 104.92020224300434 95.22121607874145 107.51302818494148 103.25819672234641 92.96524284647043 91.68849035074328 107.51302818494148 104.5556430284988 96.85005322198526 87.72520451455263 88.24764936891978 99.5027917663367 93.44024681167707 102.06936475474018 95.49393513746627 104.1392720551489 89.0632198602211 99.10565389587812
104.07927074094738 100.65872479784481 92.1927799027554 96.89204008685228 0.0 105.33779458816048 93.98060734336238 99.42785370554087 95.85304253997734 96.76938401773727 94.6116685679742 95.80686178155705 100.52037842010323 104.83524716166342 100.53486891536774 100.1706773468019 104.1301032232048 100.89859062192191 97.24078295048905 104.35716614054539 100.27490689293565 98.6510903124735 99.80939630499412 108.95984115039748 97.33456800110326 105.74055864989077 103.6988962386328 102.50352370584379 97.60652921074319 97.87906234065476 97.79635264437105 94.21348395490774 100.9672621873533 94.5970790127057 103.45934921277613 97.33178420812793 96.69807740395727 93.14667500891206 96.69807740395727 100.72368659614447 101.5717391758489 101.53092327114372 107.93572544242993 108.79742309687872 92.2160625059235 104.93744920708518 101.31552136392938 100.34129744780148 107.52539301755381 101.31941924169516 104.69349042252632 101.07808366534519 100.37566279254837 93.53112619827148 98.76819633619694 100.40290860651416 97.66249750187738 100.44382171629766 92.88202087118246 94.77888935909648 97.96662896847972 102.71297394709168 95.13719520670409 99.98471947440466 93.28839211800376 105.70761805104688 92.58604609910563 100.52037842010323 99.43929245768024 102.96482157623343 109.32973592459375 97.40180847493556 91.19414260977179 95.33830285688133 98.7524387146652 92.97445716884339 99.914317129141 103.0134570550425 99.82518589099263 97.69108142209313 109.26605276827351 97.58769625410395 104.97288528992435 102.94717684164581 104.32658945246646 98.96365933986785 93.94535178320875 99.00654321776133 98.28874482623063 107.0513765017649 108.0335009166498 93.94535178320875 103.14595316752049 106.07455768046322 87.69483344091762 94.81493062337026 93.9658111644263 101.4911758850068 103.43756219069726 99.44247797472744
93.79607269428595 93.14667500891206 100.31754130867552 98.06892741280622 105.33779458816048 0.0 100.71126748849218 105.22139147866348 95.42819122004943 97.8168595242222 100.99154448074677 104.12028738289706 98.30348046481963 112.3752763103322 95.4873065910723 97.28715278684913 86.98133685895564 108.01780929559477 104.87820043378083 97.37582954962869 93.17003705995403 100.11118134271788 104.26893643602376 105.77546970229895 97.91523670160745 103.99172616227715 102.8178189981669 104.41417033943686 95.46696604105688 100.42924357361271 104.04454733519158 108.47298972546876 100.53466176221372 106.01881516763787 103.05419261892581 104.18855135855053 102.6228796086401 98.41464276080987 109.99001128966881 102.31483753198967 89.99995075299283 92.44401297737419 108.72847417245443 100.45172442823943 102.68728082463245 95.09946738461495 94.14075156345771 104.16047973835654 96.26963950900577 104.32833818481637 103.62513886992201 101.69244717884051 101.360253323219 96.44302562652274 97.78791558608536 99.97995174520058 94.7877922288624 104.4755814931047 111.65334260896319 100.99781194586555 103.01149410507347 101.04526442929723 95.4555394099161 87.30707112804603 114.41818184592114 108.72847417245443 98.53316026719068 112.82693974230709 97.402619266283 105.14119546556961 99.97117291013511 90.02861872434504 102.66345025585619 107.33685377190878 96.0561529973202 96.0561529973202 102.05468090499166 101.2597035787851 104.26534732363314 100.38692204054371 102.12484497001626 107.66299270284765 96.89204008685228 108.56842983691708 99.9719528939971 100.49638962202211 100.31754130867552 99.75834402549587 93.7030295697037 110.1861575435291 103.54178212571495 111.78748204114027 94.51272345830411 98.94828753480758 104.25115065189047 105.87919709839841 97.00448226793198 102.96482157623343 93.79607269428595 97.39810345774262
97.83940794402784 90.68757623658249 97.93425595103594 92.86699100858758 93.98060734336238 100.71126748849218 0.0 106.279557261173 92.87872730880163 112.8516910738164 107.52539301755381 99.1179973553758 101.07692282172093 97.19194038847954 107.94211033095154 103.1503354054732 88.06296487622542 102.01508336407228 105.74055864989077 105.4158852650082 93.33201974021974 102.47001968017945 98.6510903124735 95.11561666148708 113.63547942594671 106.5801160854427 95.63882595702162 101.48419638508588 97.14172029572019 103.01149410507347 101.60566988379094 94.50241128836362 116.748661913331 104.07927074094738 97.37168072708536 98.75476325567618 85.22156719944176 94.01666715638252 99.46302988407278 97.72483229168961 92.48253437603631 101.68698900614743 97.96879122129546 102.77309113514181 107.82855877170118 105.15682805996688 100.95764083027356 102.83145678544507 112.57102403677565 91.90630205604994 110.9408289845773 105.47695979895848 102.8442178615689 105.65324386359278 94.45984610812697 89.62147015612625 100.4835484714031 100.31754130867552 100.91687848207172 93.91008846336841 103.68696395941203 97.28379366180408 97.02655070245036 99.67541972458459 98.71899023278154 106.8981470305261 100.65425220986917 95.9461577015355 87.93037827189318 102.7377885915788 112.10405210723466 105.95840983938706 93.76143890076966 97.37168072708536 99.52133452443556 102.29181747453678 98.82845849010447 104.1797762202502 99.9719528939971 99.67541972458459 96.66898084948366 95.96619536159187 105.98464100479103 111.29473283347066 97.84900385537549 103.82731222241325 102.10613833295663 101.9265996760331 95.09261509227522 95.13152723823859 94.48418804191873 102.61859728029997 100.0176546138779 102.32338198743754 93.97914879278896 101.23355865586747 104.49028481179221 101.51149952913349 90.72405587115688 107.18893735057428
100.14759790263626 96.17070007033753 96.68545144148348 104.5556430284988 99.42785370554087 105.22139147866348 106.279557261173 0.0 98.75487254707664 104.63933049972547 95.21470356653307 100.22946681447074 101.74988853077606 101.17773582069015 93.97101964766202 108.94301681005646 101.07692282172093 100.81870947927668 98.32932568407398 101.60066522382665 100.61536051408403 109.11952279864639 101.572107609066 104.8505930583057 105.35586337242003 94.84562203573037 102.13238581302302 101.6822287082189 100.97031558189099 100.29440711803231 94.66829654375054 102.94923756284273 98.5108398995484 97.19504644494798 96.99772831504625 90.12585829500524 97.73835474451822 93.64956320677683 98.95012791809057 102.33968009797286 92.70527769868974 99.5675754072728 101.46003106088041 99.96303846272706 93.6834739298344 97.23826654864286 108.84050033844373 94.9662099574544 98.55320051406902 97.05446426135818 99.99092971791626 111.42345819490697 102.60946542544119 104.84734038041864 99.46421903830814 99.85439709620621 93.68104072345761 97.76198196841789 100.84351378813466 108.47298972546876 93.00573181729136 94.30823852411345 98.74292249009568 96.1984389241272 97.82948423627082 101.31331526057072 97.74337763289277 98.22029523743211 101.5844093542469 93.4279892938176 102.10092615981057 95.49393513746627 101.07692282172093 95.08306531767451 89.23697488166844 102.61129974393157 99.29936180968647 99.19504330696938 105.05150694647817 98.83367953794036 93.98060734336238 101.35398737838331 99.73767081843309 102.51696164872664 106.65387010078653 98.91313136813116 98.73869190982062 93.70408918625185 96.16074768666272 96.11748745208335 97.11909155978198 93.3528679305512 111.26828074081098 98.722485501681 101.38734104358659 90.54662797291411 99.13895015357062 95.84526589885303 101.77621430565652 106.89384074922998
98.56566321947419 101.22145891196402 109.26605276827351 97.8362140224295 95.85304253997734 95.42819122004943 92.87872730880163 98.75487254707664 0.0 103.4345393633656 101.11077893958628 97.59478875776414 99.13251509939974 104.03750694745824 96.16074768666272 103.48438072577706 105.19802642089199 101.07808366534519 100.57053140494172 92.96524284647043 106.2673492900093 96.74122182417828 99.73569663655807 97.72483229168961 101.83945984393837 113.29076091933534 107.94211033095154 99.93550658819923 93.3528679305512 111.04287898370052 103.4667216464844 100.78713904214914 97.88003760173495 97.76198196841789 103.54395030565453 97.32178260295827 100.45172442823943 91.89209946374557 97.00982911853438 96.17748088706838 97.96791064024896 95.23614439904027 105.00917763230319 96.3843093641729 99.02941795285912 106.56694546304888 89.62147015612625 105.5903704882165 102.29843810743654 102.03385773635718 96.15103822533725 103.25339213344682 100.41352214648555 98.03193020272207 99.18915433082941 89.53704179747399 95.05835490237503 93.81955535183974 99.88231899551769 110.20234311431446 99.26872130212094 106.7572375745177 89.54079231325314 96.87877238270904 100.66754395697158 90.62516975398499 99.76623740446196 107.21841174277922 96.93577450489175 111.18018521271841 99.86165414424043 99.914317129141 112.58399317179581 105.98464100479103 97.30803592339633 92.14963964840248 106.06362795315884 94.55471764066249 102.46245632505769 104.6744796918929 96.2428141160888 95.91712420710437 103.40581773915709 107.01955763362092 103.78988345296742 112.30832328992507 95.63523475605777 96.470313953903 101.83945984393837 103.1503354054732 101.23058206996782 97.79635264437105 99.59979637598603 100.6591159966215 101.372881360742 104.76301931040233 101.63325806054765 108.84050033844373 97.99448041377848 99.86165414424043
97.8168595242222 99.6797833918103 93.68104072345761 98.56566321947419 96.76938401773727 97.8168595242222 112.8516910738164 104.63933049972547 103.4345393633656 0.0 98.22107511022058 103.52604092931558 105.07349379173365 102.37406095430589 101.00499254324126 101.3906311510296 95.71579476139469 107.06719505537261 96.19633727687163 93.98271595516135 97.58769625410395 103.54470068197823 103.88532369659859 99.1307344055717 97.47723071698408 96.71758501387336 100.35542720297676 98.6945326865271 97.67914242972122 102.81657705081513 96.17070007033753 98.6927989390693 99.075551690346 108.58753492616776 95.05835490237503 110.06920716718193 104.27469948365545 92.83932700914758 97.87906234065476 100.50658959201705 101.14015525266854 109.75467956478971 91.1685550213955 102.92070132164466 103.7368792259785 111.65334260896319 98.18915063304557 103.08367503065789 93.35373822810986 100.4834780886844 109.25050840514928 105.28984113852957 93.18063234622437 96.241831744403 96.241831744403 105.95847474721664 104.47326290980072 98.64752888613377 101.23566718099657 102.88372052617066 104.32833818481637 107.73063265215782 102.02799760495704 101.54375966669622 114.13875670453406 99.34872936902241 106.24813614341949 93.69751742542343 104.10832356012513 103.31241343022513 108.88853894228596 99.06713147936429 95.78351303385378 94.7489275147712 99.49398020356682 98.44858651005501 102.80992753827287 99.7957297024847 98.14331802397271 98.47727670740595 102.59420262814217 100.02352404053526 95.47229772145485 102.8178189981669 101.95366723298424 101.00499254324126 96.07629820583821 104.20523853620867 99.075551690346 106.47876706597162 99.10565389587812 100.69167354987201 100.34129744780148 93.3426467616059 101.88104911849823 102.66006084688487 95.27835427797561 94.34443890116601 103.88470684073283 101.11878721218014
101.31682666977217 98.66611718506083 99.25932220467082 97.35745674522431 94.6116685679742 100.99154448074677 107.52539301755381 95.21470356653307 101.11077893958628 98.22107511022058 0.0 107.5239409058388 96.52369211686671 102.6228796086401 101.23298349977227 96.82759090702042 87.14169156388186 96.71758501387336 101.39063793469002 104.35135052730399 106.5416741933858 105.07271907702528 93.99946747520879 91.60899894712192 100.14570860763715 98.41335048442748 99.1179973553758 93.79607269428595 102.75637575663762 97.1204654833488 107.15716828443175 98.0381753991779 100.11298789992327 96.39061400470625 96.65700306742437 109.57804487244319 100.14759790263626 96.81649766395823 95.47229772145485 101.19000906091519 101.44486408481752 103.87414483037142 101.16866487936872 98.01524499752972 98.90133778054518 97.55786514366918 102.29843810743654 102.05463715294682 95.69120265305757 95.85541966741512 98.17534169330044 91.12052271895779 99.19504330696938 99.79760699346836 90.41307231010852 93.68104072345761 96.72395662024046 103.68309942610294 98.28401339779005 103.88470684073283 101.53092327114372 100.20597075275973 95.90524099546172 99.45188390728572 96.42414820153957 103.35429954317011 100.4834780886844 104.4755814931047 91.85907424159961 102.71982007549606 100.4834780886844 100.6591159966215 99.12964750508999 105.93964992087083 95.74950211251071 109.31362996681248 103.77340801008268 103.16107737022723 109.28057215577951 101.6895819026991 93.35373822810986 101.95085346971123 100.53466176221372 106.4463551519619 102.58792703633738 102.06936475474018 97.32178260295827 101.33322904581445 106.12677715796522 99.73600585705015 86.98133685895564 95.47012082176961 102.20162151926232 100.14570860763715 94.5321128372866 97.34368961090328 95.65215812482192 101.0373439736738 100.3144080058224 101.97853091989487
107.86090110235214 100.75810603423251 99.52509607409414 111.93556261171094 95.80686178155705 104.12028738289706 99.1179973553758 100.22946681447074 97.59478875776414 103.52604092931558 107.5239409058388 0.0 97.43122306353769 107.94393975729318 106.09729463738167 103.62837490225182 96.92841159762027 94.07209765201908 111.78748204114027 102.44823384888184 97.34368961090328 102.17396999507736 96.89742896690103 98.14331802397271 97.59559793724347 101.53092327114372 103.68696395941203 92.74196598498956 99.85439709620621 99.83586992289418 103.87646527913176 94.14884519079689 94.32323040220625 101.55806245182869 98.75487254707664 96.30463668047248 97.55532918906898 97.00982911853438 95.46696604105688 100.16436856572513 96.69807740395727 93.20102770930323 92.5671997986506 100.48583964072688 105.58052052139381 93.00669293102635 95.78495902938525 89.58665670326127 101.16866487936872 103.08367503065789 88.1578209683999 100.12094414604043 101.22722547873198 102.26130707861148 101.0583947201242 101.26510581892947 108.59898353551822 107.84262606414319 92.71475033952225 98.11651132815102 103.1845743679233 100.06688060807573 101.39063793469002 103.33040524448593 104.87492652097626 102.88372052617066 99.52133452443556 94.77350710454715 96.46164347146667 94.34443890116601 96.33715858040513 111.06215512751965 97.52693944861635 100.86266262221969 103.54470068197823 102.55917155063642 100.99631383373347 97.61689419674957 93.67563574821324 95.34546431698668 100.0176546138779 98.0261127475481 103.1342997173124 99.02941795285912 105.90514083935527 102.88236488467783 104.93865054948688 102.29181747453678 98.45712887501057 106.98719399251571 100.78700769672503 98.48448794987833 99.9508431030296 105.74044623365289 102.21473921284675 101.26510581892947 101.48023142175691 90.82478103628404 93.7030295697037 103.81994170096861
98.68625235959604 90.02861872434504 104.35231018864985 98.95646342693486 100.52037842010323 98.30348046481963 101.07692282172093 101.74988853077606 99.13251509939974 105.07349379173365 96.52369211686671 97.43122306353769 0.0 95.0355509012649 106.02799032487489 104.99408636768472 102.18451819673724 97.49367742940345 98.25037183901802 96.47351688318874 90.92198399704883 94.14075156345771 91.1685550213955 96.80399812349803 101.05929089588642 104.27469948365545 102.91543583173748 101.71510452332461 98.63723779715227 99.7990077495864 98.95509587817514 102.74964693009989 100.96374981979612 93.51872328235925 99.97995174520058 94.91420258289155 100.64856612626124 97.55170552057444 104.3397594405358 92.81830194543 97.82934161408852 107.81509174268533 95.9461577015355 93.55182083328407 98.56509732101318 100.50658959201705 100.64856612626124 109.62248588068556 93.69751742542343 104.87820043378083 100.80479636791434 95.46347532142175 103.08583413609045 98.4503390978861 102.80946870474166 96.17070007033753 102.60946542544119 102.92070132164466 112.91067214176192 101.27673107995628 113.29076091933534 95.56792256285821 113.74385479222501 107.12224025797826 107.86090110235214 112.91067214176192 104.55617010581732 98.52852702998833 97.78791558608536 91.45196562772752 105.4158852650082 94.87626964517592 101.28713034902506 96.66898084948366 104.2983516814195 104.49570412984534 105.69070260226668 100.42334417716177 103.31241343022513 114.60438346119886 103.38711203838866 102.00497182865867 98.40195895930223 104.25118314422741 103.62513886992201 104.12595395302743 107.18979698493646 98.73365871019381 89.04471866890981 100.42334417716177 92.75517566195903 104.6795168938641 104.63933049972547 102.8442178615689 99.82518589099263 106.07312961444799 108.88853894228596 100.10480809893856 94.61462214661299 99.34872936902241
96.47351688318874 100.06479333207128 102.32877505068093 98.28401339779005 104.83524716166342 112.3752763103322 97.19194038847954 101.17773582069015 104.03750694745824 102.37406095430589 102.6228796086401 107.94393975729318 95.0355509012649 0.0 92.04954536619378 98.58704639416614 97.90010240051646 95.72451775066104 95.87759613032478 100.64252762273844 98.01524499752972 95.29248969118972 104.76301931040233 99.78472934421623 92.81953920725248 98.17534169330044 95.86652175544782 94.91420258289155 102.8178189981669 99.92625633729892 98.11298673800984 98.82845849010447 94.43820034585619 104.47854176021671 99.9508431030296 109.26605276827351 92.71475033952225 99.99719517093675 101.92845263326586 99.48392237935495 92.32295003256236 99.41170700766153 102.2922918649722 113.84200358354323 111.42345819490697 98.53316026719068 109.89696741635494 88.55869433594648 105.70262700168674 104.64052820241064 95.63523475605777 106.30205865717745 106.35196533252152 101.71453133943892 90.26256696800395 113.29076091933534 107.93490244652483 98.81892700387128 97.36352211561936 90.53663537701357 95.08306531767451 104.66388312891033 100.33074982981401 95.95949838312882 97.52693944861635 101.59678692211338 107.14866809513047 91.12052271895779 98.4710844611638 97.19504644494798 84.91347678102726 107.5743721932333 99.19154895474156 103.55600252343241 100.72368659614447 97.51796164423597 92.48723810380777 101.68698900614743 96.09867190811269 101.31552136392938 95.96619536159187 112.57059716567332 94.5970790127057 97.35197508546644 93.7030295697037 92.59091680961778 107.0218135360165 96.72880035782082 96.07975179567467 98.6945326865271 104.2216693405206 98.58048220019639 97.59478875776414 102.29181747453678 89.58665670326127 103.1166961856606 101.76392626843524 99.7990077495864 104.99408636768472 90.02861872434504
94.9812880488289 110.1861575435291 97.08443337034753 103.34025777044216 100.53486891536774 95.4873065910723 107.94211033095154 93.97101964766202 96.16074768666272 101.00499254324126 101.23298349977227 106.09729463738167 106.02799032487489 92.04954536619378 0.0 96.86610878833271 102.10613833295663 96.06039389606873 104.37057581869314 98.65174707708813 110.78332387449326 99.17371380106053 98.58704639416614 95.13152723823859 99.28054175886503 106.93534397161234 110.26536909187053 109.5627246753672 103.77340801008268 104.62357419719581 95.54788477217365 108.47298972546876 102.5952077436814 97.56484159721528 102.3315302894532 101.71793427072481 107.05184767322265 100.75594208041582 101.8804853914805 94.47293195607135 109.01194996691623 104.53812929871827 101.18790592158146 102.58792703633738 101.07933330318366 105.74996356161256 101.71793427072481 100.20597075275973 99.05886240028688 99.075551690346 96.3843093641729 102.93188653605668 108.25473652658874 95.91712420710437 102.23240907723337 95.90353209254422 85.22156719944176 104.72267395431668 100.62111624514442 100.01079183198992 104.26449505324427 105.93641678886245 97.0413590619881 107.21841174277922 106.34688553804718 96.74029967771583 92.83932700914758 92.40530383452875 104.18855135855053 101.41980992352042 95.90353209254422 106.02206479130963 105.17033426058369 108.50951418142695 91.34676908446589 102.50352370584379 94.52952643772245 106.04388282791228 102.8178189981669 103.4667216464844 97.35197508546644 105.65324386359278 98.37653335414637 105.82343486729785 90.56062382874875 102.44823384888184 97.84809964651782 102.71354208655117 105.77546970229895 98.82845849010447 108.481886796807 102.06652834024868 107.42691956486904 99.88231899551769 86.98133685895564 99.46421903830814 105.33779458816048 95.99283084106537 94.98670761712441 105.00917763230319
104.35135052730399 98.32932568407398 106.7112988098448 93.91102044843782 100.1706773468019 97.28715278684913 103.1503354054732 108.94301681005646 103.48438072577706 101.3906311510296 96.82759090702042 103.62837490225182 104.99408636768472 98.58704639416614 96.86610878833271 0.0 96.72395662024046 97.79635264437105 93.3426467616059 108.56842983691708 97.55532918906898 98.78052837849394 108.30825180435797 95.4692375941271 98.11298673800984 105.7089457412352 101.31941924169516 97.91510191655571 89.04471866890981 98.50176006120259 104.8505930583057 104.53984113662126 106.26726429959665 96.99772831504625 104.93302443454277 105.15429001266513 95.21470356653307 104.26893643602376 98.30912832943127 107.14363959464491 99.96550512509752 99.88557749985378 95.16340155641362 103.11284530373928 99.1824679777657 92.97445716884339 102.55889520607951 93.09202436303673 94.91915485226565 101.47903566512703 102.60885397563423 96.34865288881285 107.40604495657597 105.4474531977935 103.01342223723103 103.88532369659859 101.37538429096483 97.96466395127854 100.53466176221372 102.6363428300093 100.80376185788695 96.63962589883224 98.78504754034756 91.53407990321571 100.83208544208316 103.86807253722372 100.90739312445443 98.1686613498286 102.40670083788436 95.12885152823776 103.48438072577706 94.14199398935847 112.46483808748724 100.64319039725018 102.80992753827287 92.57834487769216 97.00982911853438 93.16289136537844 106.47876706597162 93.98271595516135 99.63234158309629 103.68640179845879 97.28530611137093 102.6363428300093 103.01149410507347 109.66417454391197 95.13719520670409 95.85304253997734 97.44931189428146 98.1686613498286 101.980089964863 95.90820556716866 92.70527769868974 97.11945507561063 102.8442178615689 91.08784096836446 95.9461577015355 98.54170716502097 103.34025777044216 94.74706355374941
101.60066522382665 98.722485501681 89.52688168817433 104.6970100378757 104.1301032232048 86.98133685895564 88.06296487622542 101.07692282172093 105.19802642089199 95.71579476139469 87.14169156388186 96.92841159762027 102.18451819673724 97.90010240051646 102.10613833295663 96.72395662024046 0.0 95.54352238271414 102.2922918649722 97.49367742940345 102.21473921284675 98.17234369875209 99.17506020210328 94.43820034585619 102.29843810743654 107.18893735057428 105.75789269760067 98.0160389628768 101.6139549992303 100.94525113533076 99.75747177661374 107.05184767322265 97.82948423627082 106.35196533252152 102.79618313890114 111.29473283347066 92.59091680961778 101.98019657996927 99.49086069855763 98.60802624530723 98.95646342693486 105.60631879633186 98.4710844611638 101.98019657996927 106.76040918523043 105.31433393045722 99.63234158309629 93.09892373705766 110.533794943821 95.45891556440253 101.4911758850068 101.54375966669622 106.08830282007408 104.6970100378757 93.33201974021974 95.74950211251071 94.01666715638252 99.20834133744884 105.04222664382904 96.03951041687245 96.3384522897893 99.50834179973197 106.30064164347112 103.43134739206631 104.93302443454277 103.43092805235504 104.7722338487376 105.04222664382904 99.48392237935495 92.74196598498956 94.83732690379762 107.18893735057428 96.33715858040513 99.17240337296406 101.22003681056411 94.07209765201908 101.86336313125906 93.79607269428595 105.70262700168674 100.69649799488184 100.3512306117666 90.82478103628404 100.64252762273844 98.18915063304557 101.31941924169516 101.34173552894703 110.08554586784751 104.37057581869314 96.46593258514078 106.89384074922998 95.47012082176961 97.13482591757545 102.40670083788436 105.75789269760067 101.99393985179294 105.45314588071574 95.63989996175872 100.01781991111325 108.50951418142695 101.74988853077606
100.14759790263626 100.49638962202211 91.07127578273348 103.14025490356634 100.89859062192191 108.01780929559477 102.01508336407228 100.81870947927668 101.07808366534519 107.06719505537261 96.71758501387336 94.07209765201908 97.49367742940345 95.72451775066104 96.06039389606873 97.79635264437105 95.54352238271414 0.0 109.43125904354143 101.06408306213379 98.65174707708813 100.52760439081096 94.84355225086472 93.94535178320875 110.9408289845773 104.26534732363314 98.14331802397271 105.45314588071574 107.07419585193296 99.29148331588223 96.23067696496749 109.71412216918995 101.38733965309757 92.75517566195903 103.48438072577706 96.28084217728141 103.19871811242318 110.26536909187053 102.64305616507947 109.5479708635456 102.10725686137575 103.0342567351222 102.60072192472036 97.29929234205383 96.74029967771583 95.85304253997734 101.57303249684962 95.54352238271414 102.02799760495704 98.72470758398748 110.11964470775034 97.84544437979801 111.19679070655141 98.67575703050295 104.25118314422741 100.3805350243207 108.46024233314705 102.29181747453678 98.06040285134038 105.25140705258796 97.9559457425081 103.43756219069726 98.95012791809057 101.05929089588642 100.57053140494172 99.62416208377019 103.88532369659859 106.9761486633504 102.82933978710153 96.26963950900577 97.44931189428146 98.4503390978861 88.06296487622542 104.26410673304441 108.72847417245443 97.96791064024896 95.9461577015355 95.92503001379225 99.41549356335592 95.8831220440879 98.54744195028634 96.72395662024046 101.99888607607718 92.81953920725248 104.16047973835654 98.65110935480857 109.57804487244319 97.51060085521482 106.12677715796522 91.04913003944586 86.7210442643481 105.21725398108757 97.51796164423597 98.97680893628984 106.02206479130963 103.95325080015091 93.3528679305512 102.05463715294682 92.32147292901315 103.76069801635961
92.40530383452875 94.75067636051723 100.19848087230017 103.25339213344682 97.24078295048905 104.87820043378083 105.74055864989077 98.32932568407398 100.57053140494172 96.19633727687163 101.39063793469002 111.78748204114027 98.25037183901802 95.87759613032478 104.37057581869314 93.3426467616059 102.2922918649722 109.43125904354143 0.0 100.27775375478981 99.41549356335592 101.43471946317031 100.40229486598761 106.89384074922998 109.25050840514928 106.57351336523142 105.95840983938706 99.82109743436332 102.58621876366114 106.17121457640941 84.83980752897824 93.80057130698438 103.1845743679233 101.62499831870358 100.05156978532743 100.29691731066077 95.86652175544782 106.19718430502827 96.10665620277476 96.00899175282699 109.3391918511422 104.1301032232048 99.58700325128521 107.53755970572583 99.56734278560835 94.91420258289155 101.0583947201242 103.01342223723103 102.49130172873913 107.94602370280647 94.64668171445976 98.6945326865271 105.6761659956006 104.43500778648502 107.07419585193296 98.75689482403037 98.01252118725066 94.14884519079689 113.84200358354323 107.36136291721479 100.29691731066077 112.3752763103322 100.9282666847567 96.54853504292291 97.02823246298931 101.1747959952257 98.73169929623883 103.484659009632 96.76938401773727 96.34865288881285 86.58460028222878 96.41900556003279 96.83164507923047 99.9508431030296 105.00237952115125 102.59420262814217 98.78504754034756 103.97154846252111 98.06040285134038 102.33872744445664 97.7015242071979 104.76351529796902 98.91165767967672 99.19504330696938 97.18699547699617 100.72368659614447 95.86652175544782 105.95840983938706 87.99087936654293 96.26307966415139 96.41017107012172 97.37582954962869 97.37168072708536 104.55617010581732 94.66856826140462 101.71453133943892 97.81820972646442 96.9978661077837 104.06764212888132 101.89827352737913
97.73756862766759 100.10480809893856 100.47688905681409 97.64732362375072 104.35716614054539 97.37582954962869 105.4158852650082 101.60066522382665 92.96524284647043 93.98271595516135 104.35135052730399 102.44823384888184 96.47351688318874 100.64252762273844 98.65174707708813 108.56842983691708 97.49367742940345 101.06408306213379 100.27775375478981 0.0 96.20287576276128 112.57102403677565 105.35829738390072 96.80399812349803 103.99172616227715 104.99408636768472 96.28084217728141 107.83363817070777 97.06888402417795 101.68910546700631 104.77808854186786 100.36688701021205 99.20246676833517 99.22286702560696 102.10784293314377 100.26704393521297 97.91523670160745 99.76467831921258 96.83164507923047 104.86376208042319 109.32973592459375 104.85097812563892 104.46690658591892 101.90535086448085 100.51587726774507 98.63165130224779 100.72709067520309 111.26828074081098 105.4974089244145 105.82343486729785 103.91102409137075 100.75594208041582 94.86698932476392 95.42819122004943 100.74906240239342 99.52400617670932 97.40180847493556 100.87613476094909 92.89078756179016 103.92199145000922 100.68912475955723 96.64305664252163 100.0176546138779 94.14075156345771 105.87629890260625 109.86707119886368 110.46675684361267 105.17033426058369 107.20764350124978 105.70761805104688 98.32385396796886 101.31331526057072 103.01029128413413 112.10405210723466 108.55701698036879 96.70579983314111 96.41544116797837 103.54395030565453 103.08583413609045 98.50392636079893 94.47293195607135 94.50241128836362 101.48419638508588 97.59559793724347 107.0813094016229 99.16691871590193 105.98034977443199 101.94790341477051 102.86398802049119 96.74632082492626 103.6917356308322 103.05357155802493 104.0857478277275 100.20489807235485 99.49097034263302 98.47727670740595 95.03392561244831 98.78335732074544 102.58621876366114 104.6744796918929
84.91347678102726 97.8121341159862 99.19504330696938 104.8099561039178 100.27490689293565 93.17003705995403 93.33201974021974 100.61536051408403 106.2673492900093 97.58769625410395 106.5416741933858 97.34368961090328 90.92198399704883 98.01524499752972 110.78332387449326 97.55532918906898 102.21473921284675 98.65174707708813 99.41549356335592 96.20287576276128 0.0 97.32178260295827 92.41456286278896 92.72737939019184 103.86807253722372 97.31295020819843 101.07808366534519 95.85304253997734 103.97154846252111 103.11676367523174 99.13632220439122 105.00237952115125 101.06408306213379 99.21241451766672 102.71354208655117 99.77414536363109 106.0801063236309 102.32877505068093 96.35737502680715 93.193585136835 99.50800176035621 95.92503001379225 99.1307344055717 93.14667500891206 98.42709399350188 103.4345393633656 90.6071512814205 100.19848087230017 102.60946542544119 99.29941581455037 97.8362140224295 104.65931401558109 99.89441392714313 99.16691871590193 96.92555498475731 100.40229486598761 107.923211036329 97.73756862766759 91.42966495961004 100.27775375478981 96.35737502680715 98.01524499752972 99.40895617439294 100.06325299920879 95.01215032068578 95.4555394099161 107.32553547502155 92.59091680961778 109.43036348928264 98.41335048442748 91.68849035074328 105.4841396278857 99.88231899551769 106.0801063236309 96.9978661077837 99.19504330696938 99.9719528939971 100.19253886957632 98.67575703050295 104.74184277702597 97.83028752660773 101.9265996760331 100.40372004172556 101.76392626843524 100.1706773468019 99.96537293030967 93.90077849544596 106.15689308769029 104.32658945246646 96.70068358837453 102.97452895459057 103.38711203838866 89.53704179747399 107.14363959464491 103.70444170013234 104.35135052730399 110.9408289845773 97.55786514366918 102.68728082463245 99.29936180968647
