25
0.0 95.77399729986111 86.62012148141191 95.35077011533726 107.30032246414946 96.31084397104013 114.13396979627967 110.97362058486789 93.84208896007345 96.84379951908105 98.65619433379781 101.84566928284013 100.01202466650489 102.91582893404863 104.71457273251706 96.33529328770632 102.20897166720982 96.39576479886959 101.95808916949944 89.35901226119495 97.76072637115837 98.08349440972162 103.15653312292798 101.36589589200062 97.57196105614514
95.77399729986111 0.0 102.20080906361498 96.31740627795135 97.56841594890815 102.75770894242183 100.37058424844298 107.03354603122615 97.28146466839493 104.11206407646706 92.48787761242838 96.33529328770632 102.13320829516093 100.57726583222492 87.80490890064367 103.88983691251907 98.85227628318117 103.72383989144961 104.25477739226739 103.3744769019312 98.71532755330423 101.24056186831012 88.85157683222978 101.0169040034083 93.95571639712819
86.62012148141191 102.20080906361498 0.0 96.96163349443232 101.74065207136569 91.45829765999616 101.78765469912847 101.50876228389812 90.84894783133954 93.31530544434736 98.36636858196263 102.5073568038499 95.94629088674645 91.47914889058582 94.98996778733174 101.89997486238458 103.82792351591041 96.60388998668489 103.15653312292798 98.5630449306695 99.79998609645695 96.61519798415061 96.61406173828873 102.04525503302679 98.4660697272926
95.35077011533726 96.31740627795135 96.96163349443232 0.0 101.85522132584398 94.68349424262496 88.48546519037826 92.48787761242838 104.49376147945908 102.01480963797958 99.17852451177394 107.22467381438493 102.62017392985537 96.03971213731255 91.69135505771747 99.1226950386407 103.37875034525582 103.53326530040265 102.3956690043914 100.56629229023605 100.30807230718602 101.91056871153216 101.52118015175935 104.33940173490991 102.98293081101836
107.30032246414946 97.56841594890815 101.74065207136569 101.85522132584398 0.0 100.53037970483487 96.10869612990203 102.06003077383473 97.162565820833 94.34889649550206 104.5507030560245 100.64892996632675 103.00528139172114 97.66567692512818 101.09999217423804 99.23614372205915 102.91582893404863 95.81249772728519 100.11069284875703 95.75682406404545 95.52239806805942 103.53326530040265 98.15231220730634 95.83357044156463 102.48628775339238
96.31084397104013 102.75770894242183 91.45829765999616 94.68349424262496 100.53037970483487 0.0 103.07283653284934 96.02343427138696 106.49225165687723 97.31306460259957 95.31586501605335 101.48362217331052 90.84894783133954 99.19517064150757 101.5309805735852 97.74921955890659 94.71064168764053 99.21913908789739 93.30924919141599 96.91483491049812 100.27190157080928 105.46108707325831 103.73102605000649 96.36137386332322 103.33176865105227
114.13396979627967 100.37058424844298 101.78765469912847 88.48546519037826 96.10869612990203 103.07283653284934 0.0 98.98951684605026 100.01202466650489 98.76252493160504 101.95808916949944 97.96407301634599 96.88275683901718 100.30807230718602 103.7819882645802 98.096792083999 95.81249772728519 99.35161253514148 92.62969572980373 98.86784732671893 100.61561523192535 104.86793921026765 101.48328577220708 103.13113563701849 104.43553191528278
110.97362058486789 107.03354603122615 101.50876228389812 92.48787761242838 102.06003077383473 96.02343427138696 98.98951684605026 0.0 104.8919509050896 104.33940173490991 101.79956070060226 96.31740627795135 96.96163349443232 97.96070374446646 97.96407301634599 95.29825425692215 98.7450385693173 103.96992440097745 97.04391733200218 93.72136135416338 104.71457273251706 105.46354578317464 96.12640422539205 93.97141190340638 96.5791571945743
93.84208896007345 97.28146466839493 90.84894783133954 104.49376147945908 97.162565820833 106.49225165687723 100.01202466650489 104.8919509050896 0.0 89.82482183392018 101.90247054171203 99.2112257889356 94.71064168764053 91.17598778301672 113.15443353041184 102.55941577770892 100.7111676101839 107.45170689321513 102.94713236367312 99.2607426335821 100.63626194554706 103.37875034525582 101.72117035417483 103.00510521722194 105.80867421321564
96.84379951908105 104.11206407646706 93.31530544434736 102.01480963797958 94.34889649550206 97.31306460259957 98.76252493160504 104.33940173490991 89.82482183392018 0.0 107.78421191901509 109.09724345641482 96.72461415841572 101.36282869192807 96.08594327957383 105.72247405736096 102.98293081101836 104.39401656071281 92.31844822085378 102.75770894242183 101.62276682969917 98.68146079419074 103.30432957377033 94.73820089751634 95.83357044156463
98.65619433379781 92.48787761242838 98.36636858196263 99.17852451177394 104.5507030560245 95.31586501605335 101.95808916949944 101.79956070060226 101.90247054171203 107.78421191901509 0.0 106.1280934716852 96.44625304183319 95.35360437918757 100.25430686743054 94.77199130084871 94.34889649550206 102.32289486589295 91.45829765999616 110.74750096073456 98.68146079419074 96.10264385174847 106.17433378119807 97.81426157978616 97.72397171512698
101.84566928284013 96.33529328770632 102.5073568038499 107.22467381438493 100.64892996632675 101.48362217331052 97.96407301634599 96.31740627795135 99.2112257889356 109.09724345641482 106.1280934716852 0.0 101.44397450761586 97.63381249019763 108.81681004928078 100.48423835652568 101.48328577220708 93.42104030824696 102.13320829516093 107.7221985475492 99.21620632123243 100.92174858012065 103.89850477588435 98.15231220730634 100.92421367678514
100.01202466650489 102.13320829516093 95.94629088674645 102.62017392985537 103.00528139172114 90.84894783133954 96.88275683901718 96.96163349443232 94.71064168764053 96.72461415841572 96.44625304183319 101.44397450761586 0.0 101.59318476931512 96.93042925171841 102.55941577770892 95.29825425692215 102.84778568222279 103.7819882645802 104.89700189429298 92.83854104527558 101.74564070994312 107.34376979481833 103.2567630288881 96.91681417815029
102.91582893404863 100.57726583222492 91.47914889058582 96.03971213731255 97.66567692512818 99.19517064150757 100.30807230718602 97.96070374446646 91.17598778301672 101.36282869192807 95.35360437918757 97.63381249019763 101.59318476931512 0.0 100.57709949254671 107.45170689321513 105.19994613722133 105.63741187083298 107.15031343762155 93.26660890110259 102.32289486589295 101.49564610521666 98.7450385693173 98.36636858196263 99.57855183116094
104.71457273251706 87.80490890064367 94.98996778733174 91.69135505771747 101.09999217423804 101.5309805735852 103.7819882645802 97.96407301634599 113.15443353041184 96.08594327957383 100.25430686743054 108.81681004928078 96.93042925171841 100.57709949254671 0.0 101.36282869192807 105.80867421321564 99.31769315401175 107.67824336859871 101.97224598757475 106.77253175968382 101.1727344769782 86.43091204729019 88.85157683222978 100.92258196095379
96.33529328770632 103.88983691251907 101.89997486238458 99.1226950386407 99.23614372205915 97.74921955890659 98.096792083999 95.29825425692215 102.55941577770892 105.72247405736096 94.77199130084871 100.48423835652568 102.55941577770892 107.45170689321513 101.36282869192807 0.0 104.8919509050896 96.64696040770889 94.95055763697285 92.83854104527558 100.98045180945181 98.03536709308128 111.14284030743042 111.13802859876874 101.9860951249759
102.20897166720982 98.85227628318117 103.82792351591041 103.37875034525582 102.91582893404863 94.71064168764053 95.81249772728519 98.7450385693173 100.7111676101839 102.98293081101836 94.34889649550206 101.48328577220708 95.29825425692215 105.19994613722133 105.80867421321564 104.8919509050896 0.0 93.69697216412158 111.14284030743042 96.5791571945743 102.44737376066985 101.67900633781804 95.81249772728519 102.91092182196714 102.44388358728145
96.39576479886959 103.72383989144961 96.60388998668489 103.53326530040265 95.81249772728519 99.21913908789739 99.35161253514148 103.96992440097745 107.45170689321513 104.39401656071281 102.32289486589295 93.42104030824696 102.84778568222279 105.63741187083298 99.31769315401175 96.64696040770889 93.69697216412158 0.0 107.22163942332662 92.86438908436025 100.25430686743054 88.37858462022896 102.50805317732524 102.43684374130807 95.72652126219549
101.95808916949944 104.25477739226739 103.15653312292798 102.3956690043914 100.11069284875703 93.30924919141599 92.62969572980373 97.04391733200218 102.94713236367312 92.31844822085378 91.45829765999616 102.13320829516093 103.7819882645802 107.15031343762155 107.67824336859871 94.95055763697285 111.14284030743042 107.22163942332662 0.0 103.51400188105235 103.4691042590763 92.98886172967019 104.8041075081519 97.7184930437707 94.98210693268072
89.35901226119495 103.3744769019312 98.5630449306695 100.56629229023605 95.75682406404545 96.91483491049812 98.86784732671893 93.72136135416338 99.2607426335821 102.75770894242183 110.74750096073456 107.7221985475492 104.89700189429298 93.26660890110259 101.97224598757475 92.83854104527558 96.5791571945743 92.86438908436025 103.51400188105235 0.0 98.76028229095559 97.65621848533594 95.31586501605335 108.15079987859336 101.97224598757475
97.76072637115837 98.71532755330423 99.79998609645695 100.30807230718602 95.52239806805942 100.27190157080928 100.61561523192535 104.71457273251706 100.63626194554706 101.62276682969917 98.68146079419074 99.21620632123243 92.83854104527558 102.32289486589295 106.77253175968382 100.98045180945181 102.44737376066985 100.25430686743054 103.4691042590763 98.76028229095559 0.0 101.95808916949944 94.18141229607456 100.92258196095379 100.53037970483487
98.08349440972162 101.24056186831012 96.61519798415061 101.91056871153216 103.53326530040265 105.46108707325831 104.86793921026765 105.46354578317464 103.37875034525582 98.68146079419074 96.10264385174847 100.92174858012065 101.74564070994312 101.49564610521666 101.1727344769782 98.03536709308128 101.67900633781804 88.37858462022896 92.98886172967019 97.65621848533594 101.95808916949944 0.0 90.4352749611861 98.50510909203793 96.2260607830651
103.15653312292798 88.85157683222978 96.61406173828873 101.52118015175935 98.15231220730634 103.73102605000649 101.48328577220708 96.12640422539205 101.72117035417483 103.30432957377033 106.17433378119807 103.89850477588435 107.34376979481833 98.7450385693173 86.43091204729019 111.14284030743042 95.81249772728519 102.50805317732524 104.8041075081519 95.31586501605335 94.18141229607456 90.4352749611861 0.0 96.61406173828873 103.96992440097745
101.36589589200062 101.0169040034083 102.04525503302679 104.33940173490991 95.83357044156463 96.36137386332322 103.13113563701849 93.97141190340638 103.00510521722194 94.73820089751634 97.81426157978616 98.15231220730634 103.2567630288881 98.36636858196263 88.85157683222978 111.13802859876874 102.91092182196714 102.43684374130807 97.7184930437707 108.15079987859336 100.92258196095379 98.50510909203793 96.61406173828873 0.0 98.50510909203793
97.57196105614514 93.95571639712819 98.4660697272926 102.98293081101836 102.48628775339238 103.33176865105227 104.43553191528278 96.5791571945743 105.80867421321564 95.83357044156463 97.72397171512698 100.92421367678514 96.91681417815029 99.57855183116094 100.92258196095379 101.9860951249759 102.44388358728145 95.72652126219549 94.98210693268072 101.97224598757475 100.53037970483487 96.2260607830651 103.96992440097745 98.50510909203793 0.0
