50
0.0 98.99267470187465 60.85189056754076 121.51949886786369 104.11234218016145 64.54380917106843 110.68489218106608 131.50558099757197 70.8641493101677 103.79612316842042 59.61980376001531 87.04105034739221 122.20463362369458 65.61701038589727 105.6835511309561 105.19930718896397 138.5148297299189 108.49608168456083 120.92922470507744 133.41654669375754 88.7731593112902 131.50558099757197 120.61391610003483 95.04834787669193 89.98802234525934 155.97066458450527 131.50558099757197 100.04227689804624 92.06932650878062 80.48490011166706 129.62664832863538 105.6835511309561 113.06149966848477 90.3887960600512 98.71267479897449 128.73683964547956 134.06924708734917 112.99142180228066 116.72758703653754 78.1037905158637 110.27824172608327 116.93688750062637 102.50999987804654 81.68390213298343 133.31881123016976 108.58460807787718 88.37922185422097 110.27824172608327 91.93811044372995 117.30675440102917
98.99267470187465 0.0 102.57109446749992 44.650822261403334 88.7731593112902 74.85119175998327 139.18743931191852 116.72758703653754 78.80225241050574 109.66535139548054 77.60486155353611 109.48628482967965 118.67907821742882 139.99177488354152 93.05230971838547 106.9921199240371 109.95501091318201 62.220828496557274 147.010135018905 45.325151108600046 60.14601382674723 71.40696595884216 67.1501374231666 62.73103240924898 70.8641493101677 80.31122960607219 109.71694692093736 78.66362307921727 82.94864244457848 84.64906385367708 79.38901452097612 94.02645883570831 94.02931904686228 101.82008819656797 113.2963662804451 79.12675545104528 76.78362380132099 147.16370261979796 98.76334797655501 88.23474309845868 93.55817623020344 91.85723927771966 122.22986136690949 104.86435435237597 82.49531642890193 89.26386760733885 91.21176078076103 95.04834787669193 122.76547593744738 112.99142180228066
60.85189056754076 102.57109446749992 0.0 100.06026233720519 120.85728502697762 69.2864394543746 78.5824240321619 99.93457000576801 100.92329661692774 79.9299431031457 93.40508745360057 99.97530938280234 70.56633737602027 112.09030619883225 98.76334797655501 161.61304543767716 110.87339265413502 76.30884770818614 89.98802234525934 131.50558099757197 116.02229156293018 57.486394139681295 94.23359624390828 107.78381476832338 63.546024617969614 136.46927301207577 99.55875332610373 112.20491659983543 60.04670565435133 43.38237404938503 106.9921199240371 111.01192568075749 91.88720773115696 110.38840429766836 93.30375701893895 133.31881123016976 71.03117499392235 109.60845682729713 151.76030317625555 122.76547593744738 80.48490011166706 91.19539134228594 62.99622949251157 60.66222681121881 83.46244268060356 95.08471754765908 110.87997094748765 88.92385050167223 95.08471754765908 68.65364901369489
121.51949886786369 44.650822261403334 100.06026233720519 0.0 100.06026233720519 125.63192029224787 94.93992106203106 84.15481032986162 83.08015952818576 153.85843843060462 99.31443317787615 114.9252928501922 114.55462239977787 58.25595579788364 84.31096420679869 127.89477739252943 103.6093456297617 85.21015815169997 77.60486155353611 103.6093456297617 78.1037905158637 72.00828756772395 94.7732386127104 107.78381476832338 41.10805428209861 107.33504934823334 71.4390564553058 110.34668227345901 110.87997094748765 126.62714657927401 84.15481032986162 89.25262015145623 109.63469165318921 87.14985561405909 89.45174449143124 163.69234481287234 112.3880663797634 71.4390564553058 72.00828756772395 121.51949886786369 85.24049716478534 94.5014759730808 87.77390696198914 121.84764047170066 120.38184384220884 85.22739196862437 118.67907821742882 60.04670565435133 103.8947000698979 94.21152750068052
104.11234218016145 88.7731593112902 120.85728502697762 100.06026233720519 0.0 85.3652085963461 126.66622732634772 87.85995321847359 85.22739196862437 95.31267457937128 147.16370261979796 147.16370261979796 104.56267026827143 60.85189056754076 87.04105034739221 79.91418033012735 134.6324744028048 103.12648406239337 88.7731593112902 109.95501091318201 98.26508129293687 100.02966820086992 161.61304543767716 104.37437507180462 108.15998208562274 102.84944882322745 44.650822261403334 53.3392821573794 121.11994251583019 142.2557006354607 93.49281139870992 88.7731593112902 85.62392459967094 138.4403410596412 84.05394132437425 89.45174449143124 111.55421300177865 111.75368266833426 101.47358581347444 79.46322287356419 108.15998208562274 71.40696595884216 92.18678661215407 76.26359951564088 109.66535139548054 143.38234404850922 44.76364517762059 104.99531043367077 62.220828496557274 138.4403410596412
64.54380917106843 74.85119175998327 69.2864394543746 125.63192029224787 85.3652085963461 0.0 107.33504934823334 75.09743669984412 101.8387872113221 109.80794408157519 138.2753526587013 112.3880663797634 123.19253818571428 127.89477739252943 85.40628606365681 62.39144923566059 88.37922185422097 62.55947475234759 99.67226590530883 114.86804775747734 88.6685609991004 83.46244268060356 90.29154134593016 69.15607528132003 114.0436976674709 132.66810714905927 95.72895591687433 53.3392821573794 74.85119175998327 87.65318657700715 95.31267457937128 84.74847460869708 109.71554548781172 91.7388119785374 83.48066983269825 69.2864394543746 103.42387563355344 83.08015952818576 120.92922470507744 71.4390564553058 132.17750661991022 123.30423782632751 85.40628606365681 171.884549652741 95.04834787669193 113.75749948268314 112.09030619883225 96.39992611844153 22.92896853555078 110.68883340228128
110.68489218106608 139.18743931191852 78.5824240321619 94.93992106203106 126.66622732634772 107.33504934823334 0.0 93.49281139870992 77.20793423929881 44.650822261403334 109.71554548781172 79.12675545104528 64.14846755232139 110.37711524566477 128.59407913889905 111.01192568075749 60.677731224009165 88.62206032684742 105.64361754524609 109.95501091318201 90.14082498524681 143.79774879933785 93.40508745360057 117.30675440102917 151.73675705365602 67.1501374231666 121.11994251583019 109.97273665155447 104.37437507180462 102.50999987804654 76.26701011433454 59.61980376001531 125.83907827927811 68.65364901369489 74.50496361879206 121.48122367485233 84.05394132437425 95.08471754765908 62.73103240924898 62.085271017566285 128.59407913889905 106.04346839922836 112.17119437293476 170.42763632091845 112.99142180228066 72.4025370047288 78.66362307921727 112.99142180228066 109.95501091318201 129.82189160813738
131.50558099757197 116.72758703653754 99.93457000576801 84.15481032986162 87.85995321847359 75.09743669984412 93.49281139870992 0.0 147.010135018905 103.6093456297617 83.46244268060356 112.29343554334116 66.19662117112586 146.3588501885268 122.76547593744738 72.44516976800898 95.04834787669193 94.26737216425117 84.15544066096584 82.49531642890193 121.48122367485233 101.8387872113221 134.06924708734917 100.76802809840001 127.52066573561781 132.17750661991022 110.68489218106608 99.31443317787615 103.196076654302 113.0119883502399 104.37437507180462 84.15544066096584 85.21015815169997 114.86804775747734 125.24797183666236 109.48628482967965 82.42178091835886 96.65314101688207 77.60486155353611 109.80794408157519 111.5688341118425 75.20250731221012 89.25262015145623 114.9252928501922 71.07887746405001 94.241761861753 105.41934231360061 98.99267470187465 90.27050196099593 72.00828756772395
70.8641493101677 78.80225241050574 100.92329661692774 83.08015952818576 85.22739196862437 101.8387872113221 77.20793423929881 147.010135018905 0.0 83.08015952818576 107.50289738273968 109.63469165318921 109.97273665155447 79.63212002175803 89.8161845596781 112.29343554334116 74.70308812605816 120.29643065452353 76.26359951564088 139.60214016040658 131.50558099757197 105.5166722031022 110.68489218106608 111.09649522963176 73.72648831090733 117.54847649367012 85.35066970827845 140.3527318354371 87.31281550741858 91.88669087847752 87.85995321847359 109.97273665155447 107.35436438446405 82.94864244457848 102.42957937836375 62.43096646166784 91.50316350085285 73.23112777905517 105.64361754524609 83.08015952818576 103.40021877135968 77.60486155353611 77.84938973730593 119.86881203630392 78.66362307921727 75.41677808265146 62.73103240924898 120.07417873412949 109.80794408157519 87.14985561405909
103.79612316842042 109.66535139548054 79.9299431031457 153.85843843060462 95.31267457937128 109.80794408157519 44.650822261403334 103.6093456297617 83.08015952818576 0.0 126.62714657927401 110.37711524566477 129.62664832863538 113.49260764745256 118.01563250606885 110.06561955039358 118.21383532497774 136.57126066202125 53.3392821573794 117.67502942681737 94.4587575366854 163.69234481287234 106.92695786460513 94.0072221195016 98.76334797655501 114.0436976674709 109.80794408157519 118.79804952676679 90.4265583857573 123.68758960352615 87.77390696198914 70.14716882164134 84.5281269758696 79.13067687594061 99.95357908473473 101.8387872113221 80.48490011166706 81.91045065168352 143.38234404850922 63.51235195747426 87.14985561405909 59.864314467979575 104.99531043367077 137.71222986077015 95.0394025416113 105.6835511309561 147.010135018905 95.0394025416113 78.60894897049346 91.88669087847752
59.61980376001531 77.60486155353611 93.40508745360057 99.31443317787615 147.16370261979796 138.2753526587013 109.71554548781172 83.46244268060356 107.50289738273968 126.62714657927401 0.0 45.325151108600046 143.38234404850922 100.04227689804624 64.14846755232139 68.65364901369489 87.04105034739221 70.22756057615746 94.02931904686228 147.16370261979796 79.17999893013845 79.9299431031457 68.69291737796271 93.30375701893895 53.57267134026997 116.02229156293018 78.66362307921727 127.52066573561781 32.12930213032581 78.1037905158637 87.65318657700715 56.72948621794427 63.51235195747426 112.3880663797634 104.11234218016145 130.17607125229537 103.96475837440958 129.82189160813738 104.11234218016145 94.23359624390828 102.132418219937 78.80225241050574 111.01192568075749 114.41181411483247 71.03117499392235 148.9654761502044 151.73675705365602 74.70308812605816 93.05230971838547 85.92384499437013
87.04105034739221 109.48628482967965 99.97530938280234 114.9252928501922 147.16370261979796 112.3880663797634 79.12675545104528 112.29343554334116 109.63469165318921 110.37711524566477 45.325151108600046 0.0 104.86435435237597 90.19975369195033 92.18678661215407 118.73797339077191 114.16810697988046 106.92695786460513 114.41181411483247 99.27376494093699 109.60845682729713 100.04227689804624 75.20250731221012 100.04227689804624 105.8180836023798 68.83942614001971 76.26701011433454 79.38901452097612 110.33977237362411 83.85932796765891 133.4162140538245 121.84764047170066 99.95357908473473 98.99267470187465 78.5824240321619 114.16810697988046 90.5729415027529 66.14161439587761 93.22283161533521 105.19930718896397 84.49278252963504 84.95433222838358 95.08471754765908 88.62206032684742 68.65364901369489 143.79774879933785 86.13534559529346 113.90356683182283 57.83149489688703 89.8161845596781
122.20463362369458 118.67907821742882 70.56633737602027 114.55462239977787 104.56267026827143 123.19253818571428 64.14846755232139 66.19662117112586 109.97273665155447 129.62664832863538 143.38234404850922 104.86435435237597 0.0 45.325151108600046 118.57681239646789 97.15485732608724 91.7388119785374 105.64361754524609 120.1710888876311 104.37437507180462 103.12648406239337 109.60845682729713 85.22739196862437 113.90356683182283 88.7731593112902 112.94748348936729 79.63212002175803 79.98740075044032 88.15446852296752 88.59434115098914 107.24818214537262 103.68353406627634 86.13534559529346 99.95357908473473 110.87339265413502 104.11234218016145 93.05230971838547 85.91644658923366 95.0394025416113 123.67972830145365 87.31281550741858 95.77299846994364 88.37922185422097 96.39992611844153 107.33504934823334 109.71554548781172 112.94748348936729 127.20660316082804 127.89477739252943 91.66715659223365
65.61701038589727 139.99177488354152 112.09030619883225 58.25595579788364 60.85189056754076 127.89477739252943 110.37711524566477 146.3588501885268 79.63212002175803 113.49260764745256 100.04227689804624 90.19975369195033 45.325151108600046 0.0 74.85119175998327 73.95527930672603 135.6777013399771 120.29643065452353 103.196076654302 79.63212002175803 102.132418219937 74.61720636241022 65.61701038589727 140.3527318354371 106.09901959866333 80.48881444106361 110.27824172608327 117.64536775738203 94.02931904686228 69.25739312130277 117.99886602375236 68.99695404840928 114.0436976674709 129.62664832863538 88.7614045247361 84.15544066096584 75.5401094146703 139.18743931191852 75.37327303870329 88.23474309845868 92.45241536101807 60.04670565435133 113.49260764745256 69.32839329405016 77.20793423929881 146.67092159085578 109.71554548781172 61.16385516418269 139.60214016040658 119.19009828010508
105.6835511309561 93.05230971838547 98.76334797655501 84.31096420679869 87.04105034739221 85.40628606365681 128.59407913889905 122.76547593744738 89.8161845596781 118.01563250606885 64.14846755232139 92.18678661215407 118.57681239646789 74.85119175998327 0.0 104.56267026827143 117.33767703724314 104.37437507180462 104.99531043367077 109.97273665155447 133.30557925584677 81.18430057593073 116.93688750062637 117.30675440102917 94.0072221195016 131.82652705538158 109.80794408157519 87.85995321847359 91.93811044372995 70.14716882164134 69.32839329405016 110.43735520643936 74.61720636241022 81.68390213298343 126.34096447835685 127.52066573561781 122.70081898341041 69.2864394543746 96.39992611844153 106.10167343531914 113.96428667541687 78.66362307921727 81.99660211197842 133.41654669375754 83.30738991866409 112.96619257222305 146.67092159085578 94.17448787858675 125.73116277859381 102.42957937836375
105.19930718896397 106.9921199240371 161.61304543767716 127.89477739252943 79.91418033012735 62.39144923566059 111.01192568075749 72.44516976800898 112.29343554334116 110.06561955039358 68.65364901369489 118.73797339077191 97.15485732608724 73.95527930672603 104.56267026827143 0.0 77.20793423929881 122.20463362369458 104.37437507180462 110.39589585145819 91.7388119785374 112.09030619883225 91.03784938440864 103.68353406627634 111.09649522963176 102.42957937836375 103.42387563355344 130.17607125229537 104.47443357967428 107.35436438446405 110.27824172608327 105.04494516804255 75.20250731221012 87.77390696198914 87.83184665042808 59.08982512704925 100.76802809840001 88.23474309845868 110.43735520643936 62.43096646166784 147.22004006292264 93.33465611995823 72.4025370047288 35.599789560575715 70.22756057615746 136.57126066202125 140.3527318354371 67.1501374231666 37.04568340158281 63.546024617969614
138.5148297299189 109.95501091318201 110.87339265413502 103.6093456297617 134.6324744028048 88.37922185422097 60.677731224009165 95.04834787669193 74.70308812605816 118.21383532497774 87.04105034739221 114.16810697988046 91.7388119785374 135.6777013399771 117.33767703724314 77.20793423929881 0.0 127.89477739252943 97.15485732608724 107.77932638392306 110.87997094748765 136.46927301207577 106.10167343531914 109.63469165318921 130.73894864105708 121.48122367485233 121.91366317606654 120.91096870494432 148.9654761502044 114.55462239977787 148.9654761502044 113.90356683182283 118.01563250606885 121.98637721749854 110.87339265413502 110.39589585145819 95.0394025416113 142.2557006354607 114.55462239977787 89.49286309590069 88.15446852296752 78.80225241050574 104.76148093719627 116.02229156293018 98.26508129293687 147.22004006292264 113.2963662804451 88.62206032684742 105.19930718896397 134.4545476082745
108.49608168456083 62.220828496557274 76.30884770818614 85.21015815169997 103.12648406239337 62.55947475234759 88.62206032684742 94.26737216425117 120.29643065452353 136.57126066202125 70.22756057615746 106.92695786460513 105.64361754524609 120.29643065452353 104.37437507180462 122.20463362369458 127.89477739252943 0.0 71.07887746405001 113.75749948268314 144.11210010232563 60.85189056754076 125.30574695637605 116.41662393877277 106.13897036316595 60.677731224009165 75.5401094146703 135.6777013399771 114.9252928501922 106.04346839922836 66.3119172031717 75.01119044118818 125.24797183666236 58.25595579788364 113.75749948268314 75.03013285101795 93.96726937427565 121.84764047170066 145.91697146082444 68.75927959982877 62.55947475234759 93.55817623020344 44.650822261403334 94.43716148407216 118.72338251603897 62.39144923566059 75.09743669984412 70.56633737602027 88.4315821231092 132.45735766799893
120.92922470507744 147.010135018905 89.98802234525934 77.60486155353611 88.7731593112902 99.67226590530883 105.64361754524609 84.15544066096584 76.26359951564088 53.3392821573794 94.02931904686228 114.41181411483247 120.1710888876311 103.196076654302 104.99531043367077 104.37437507180462 97.15485732608724 71.07887746405001 0.0 133.4162140538245 120.61391610003483 94.0072221195016 106.49216927890899 114.9252928501922 120.29643065452353 60.04670565435133 72.30494130896423 95.17804337416847 99.67226590530883 68.65364901369489 79.12675545104528 106.10167343531914 117.67502942681737 72.00828756772395 82.42178091835886 97.15485732608724 136.69685594353513 88.62206032684742 62.39144923566059 61.15166806123777 94.0072221195016 71.18347021060697 182.88958388316735 121.11994251583019 65.2807653414394 91.50316350085285 137.84741347012255 91.85723927771966 87.83184665042808 72.30494130896423
133.41654669375754 45.325151108600046 131.50558099757197 103.6093456297617 109.95501091318201 114.86804775747734 109.95501091318201 82.49531642890193 139.60214016040658 117.67502942681737 147.16370261979796 99.27376494093699 104.37437507180462 79.63212002175803 109.97273665155447 110.39589585145819 107.77932638392306 113.75749948268314 133.4162140538245 0.0 92.4992228582663 87.28257536484877 83.48066983269825 119.19009828010508 60.66222681121881 137.68855017826996 142.2557006354607 114.9252928501922 110.68883340228128 87.38540797843619 113.06149966848477 72.44516976800898 68.65364901369489 105.3825126174633 96.06963249630181 105.6835511309561 103.40021877135968 95.85892779426429 86.69618727181627 117.64536775738203 147.22004006292264 111.39967369320935 80.48881444106361 100.06026233720519 88.15446852296752 119.86881203630392 78.51743144928312 85.62392459967094 84.74847460869708 60.04670565435133
88.7731593112902 60.14601382674723 116.02229156293018 78.1037905158637 98.26508129293687 88.6685609991004 90.14082498524681 121.48122367485233 131.50558099757197 94.4587575366854 79.17999893013845 109.60845682729713 103.12648406239337 102.132418219937 133.30557925584677 91.7388119785374 110.87997094748765 144.11210010232563 120.61391610003483 92.4992228582663 0.0 68.99695404840928 101.898501168033 116.41662393877277 105.25796657204114 86.9422313184509 94.4587575366854 94.26737216425117 133.31881123016976 130.1051051209652 85.22739196862437 114.41181411483247 68.72895628920682 143.79774879933785 153.31956240175884 61.15166806123777 137.84741347012255 79.38901452097612 105.41934231360061 88.59434115098914 117.2629169681095 104.47443357967428 105.5166722031022 98.71267479897449 85.35066970827845 99.12180587527244 78.66362307921727 105.6835511309561 81.68390213298343 79.9299431031457
131.50558099757197 71.40696595884216 57.486394139681295 72.00828756772395 100.02966820086992 83.46244268060356 143.79774879933785 101.8387872113221 105.5166722031022 163.69234481287234 79.9299431031457 100.04227689804624 109.60845682729713 74.61720636241022 81.18430057593073 112.09030619883225 136.46927301207577 60.85189056754076 94.0072221195016 87.28257536484877 68.99695404840928 0.0 107.35634765653701 131.50558099757197 95.72895591687433 144.11210010232563 96.39992611844153 129.4299349439972 123.67972830145365 96.65314101688207 127.20660316082804 139.6349629505366 105.78659600166155 101.82008819656797 70.22756057615746 92.45241536101807 101.93804693691885 103.68353406627634 75.41677808265146 79.17999893013845 90.4265583857573 116.72758703653754 60.14601382674723 107.50289738273968 104.86435435237597 76.78362380132099 58.25595579788364 97.15485732608724 140.3527318354371 59.08982512704925
120.61391610003483 67.1501374231666 94.23359624390828 94.7732386127104 161.61304543767716 90.29154134593016 93.40508745360057 134.06924708734917 110.68489218106608 106.92695786460513 68.69291737796271 75.20250731221012 85.22739196862437 65.61701038589727 116.93688750062637 91.03784938440864 106.10167343531914 125.30574695637605 106.49216927890899 83.48066983269825 101.898501168033 107.35634765653701 0.0 106.09901959866333 67.0244123673915 93.30375701893895 133.41654669375754 70.54924181290741 87.04105034739221 114.41181411483247 110.54164892064604 125.73116277859381 99.31443317787615 101.93804693691885 98.71267479897449 69.25739312130277 75.37327303870329 74.85119175998327 93.40508745360057 99.05506107426424 70.22756057615746 87.38540797843619 78.60894897049346 95.72895591687433 109.80794408157519 123.68758960352615 111.55421300177865 94.02645883570831 74.70308812605816 96.06963249630181
95.04834787669193 62.73103240924898 107.78381476832338 107.78381476832338 104.37437507180462 69.15607528132003 117.30675440102917 100.76802809840001 111.09649522963176 94.0072221195016 93.30375701893895 100.04227689804624 113.90356683182283 140.3527318354371 117.30675440102917 103.68353406627634 109.63469165318921 116.41662393877277 114.9252928501922 119.19009828010508 116.41662393877277 131.50558099757197 106.09901959866333 0.0 67.0244123673915 87.38540797843619 139.99177488354152 146.3588501885268 105.3825126174633 134.06924708734917 121.96118650462031 137.233605546232 69.25739312130277 91.27272261768131 94.5014759730808 76.26359951564088 68.99695404840928 109.95501091318201 120.85728502697762 37.04568340158281 107.35436438446405 100.76802809840001 109.71694692093736 64.58682996670622 93.49281139870992 88.6685609991004 109.34679887816154 121.67909934251657 59.61980376001531 110.34668227345901
89.98802234525934 70.8641493101677 63.546024617969614 41.10805428209861 108.15998208562274 114.0436976674709 151.73675705365602 127.52066573561781 73.72648831090733 98.76334797655501 53.57267134026997 105.8180836023798 88.7731593112902 106.09901959866333 94.0072221195016 111.09649522963176 130.73894864105708 106.13897036316595 120.29643065452353 60.66222681121881 105.25796657204114 95.72895591687433 67.0244123673915 67.0244123673915 0.0 114.9252928501922 77.60486155353611 139.60214016040658 73.72648831090733 119.86881203630392 132.17750661991022 118.91095017557217 89.49286309590069 95.04834787669193 117.33767703724314 138.5148297299189 132.09451118520792 80.31122960607219 113.90356683182283 88.59434115098914 88.37922185422097 102.42957937836375 75.37327303870329 53.57267134026997 103.8947000698979 109.97273665155447 93.22283161533521 46.15966690407618 103.12648406239337 105.3825126174633
155.97066458450527 80.31122960607219 136.46927301207577 107.33504934823334 102.84944882322745 132.66810714905927 67.1501374231666 132.17750661991022 117.54847649367012 114.0436976674709 116.02229156293018 68.83942614001971 112.94748348936729 80.48881444106361 131.82652705538158 102.42957937836375 121.48122367485233 60.677731224009165 60.04670565435133 137.68855017826996 86.9422313184509 144.11210010232563 93.30375701893895 87.38540797843619 114.9252928501922 0.0 85.24049716478534 109.97273665155447 101.898501168033 79.38901452097612 138.2753526587013 94.21152750068052 91.7388119785374 130.17607125229537 95.31267457937128 79.13067687594061 102.57109446749992 106.04346839922836 121.25255579002655 147.010135018905 62.43096646166784 77.84938973730593 97.22317572929997 107.77932638392306 117.3917186159397 67.62122211498001 121.96118650462031 95.08471754765908 76.45506320211413 54.45310058291558
131.50558099757197 109.71694692093736 99.55875332610373 71.4390564553058 44.650822261403334 95.72895591687433 121.11994251583019 110.68489218106608 85.35066970827845 109.80794408157519 78.66362307921727 76.26701011433454 79.63212002175803 110.27824172608327 109.80794408157519 103.42387563355344 121.91366317606654 75.5401094146703 72.30494130896423 142.2557006354607 94.4587575366854 96.39992611844153 133.41654669375754 139.99177488354152 77.60486155353611 85.24049716478534 0.0 120.92922470507744 72.4025370047288 110.85339488210016 93.33465611995823 100.5073708908899 113.5328354168876 89.49286309590069 136.57126066202125 59.864314467979575 121.67909934251657 153.31956240175884 138.2753526587013 95.04834787669193 104.97236517560616 107.50289738273968 89.98802234525934 80.48881444106361 83.30738991866409 85.62392459967094 74.85119175998327 71.07887746405001 66.19662117112586 112.20491659983543
100.04227689804624 78.66362307921727 112.20491659983543 110.34668227345901 53.3392821573794 53.3392821573794 109.97273665155447 99.31443317787615 140.3527318354371 118.79804952676679 127.52066573561781 79.38901452097612 79.98740075044032 117.64536775738203 87.85995321847359 130.17607125229537 120.91096870494432 135.6777013399771 95.17804337416847 114.9252928501922 94.26737216425117 129.4299349439972 70.54924181290741 146.3588501885268 139.60214016040658 109.97273665155447 120.92922470507744 0.0 96.39992611844153 127.52066573561781 80.48490011166706 103.196076654302 79.77721153442238 117.64536775738203 91.21176078076103 110.34668227345901 99.27376494093699 88.4315821231092 99.7405412886098 93.05230971838547 138.4403410596412 45.325151108600046 91.93811044372995 118.21383532497774 80.48490011166706 114.65438540594828 138.91522398828442 111.15274253292748 83.48066983269825 112.94748348936729
92.06932650878062 82.94864244457848 60.04670565435133 110.87997094748765 121.11994251583019 74.85119175998327 104.37437507180462 103.196076654302 87.31281550741858 90.4265583857573 32.12930213032581 110.33977237362411 88.15446852296752 94.02931904686228 91.93811044372995 104.47443357967428 148.9654761502044 114.9252928501922 99.67226590530883 110.68883340228128 133.31881123016976 123.67972830145365 87.04105034739221 105.3825126174633 73.72648831090733 101.898501168033 72.4025370047288 96.39992611844153 0.0 109.66391906678216 88.01085270965908 103.6093456297617 101.82008819656797 103.79612316842042 94.7732386127104 56.72948621794427 77.20793423929881 101.93804693691885 112.29109800133416 72.00828756772395 81.91045065168352 134.6324744028048 93.49281139870992 123.51200610140934 79.77721153442238 88.62206032684742 89.26386760733885 46.15966690407618 75.09743669984412 117.99886602375236
80.48490011166706 84.64906385367708 43.38237404938503 126.62714657927401 142.2557006354607 87.65318657700715 102.50999987804654 113.0119883502399 91.88669087847752 123.68758960352615 78.1037905158637 83.85932796765891 88.59434115098914 69.25739312130277 70.14716882164134 107.35436438446405 114.55462239977787 106.04346839922836 68.65364901369489 87.38540797843619 130.1051051209652 96.65314101688207 114.41181411483247 134.06924708734917 119.86881203630392 79.38901452097612 110.85339488210016 127.52066573561781 109.66391906678216 0.0 94.23359624390828 128.1204125580187 103.8947000698979 94.21152750068052 87.04105034739221 92.4992228582663 106.47505270598315 116.72758703653754 73.23112777905517 84.95433222838358 89.98802234525934 91.88669087847752 108.83427249753633 73.72648831090733 83.08015952818576 83.48066983269825 86.57188044746907 106.82745606780652 128.73683964547956 84.32118428459752
129.62664832863538 79.38901452097612 106.9921199240371 84.15481032986162 93.49281139870992 95.31267457937128 76.26701011433454 104.37437507180462 87.85995321847359 87.77390696198914 87.65318657700715 133.4162140538245 107.24818214537262 117.99886602375236 69.32839329405016 110.27824172608327 148.9654761502044 66.3119172031717 79.12675545104528 113.06149966848477 85.22739196862437 127.20660316082804 110.54164892064604 121.96118650462031 132.17750661991022 138.2753526587013 93.33465611995823 80.48490011166706 88.01085270965908 94.23359624390828 0.0 94.7732386127104 105.8180836023798 109.71694692093736 71.03117499392235 108.58460807787718 79.98740075044032 122.70081898341041 113.96428667541687 78.5824240321619 110.39589585145819 73.95527930672603 66.19662117112586 76.45506320211413 60.04670565435133 46.15966690407618 88.01085270965908 89.25262015145623 58.25595579788364 117.2629169681095
105.6835511309561 94.02645883570831 111.01192568075749 89.25262015145623 88.7731593112902 84.74847460869708 59.61980376001531 84.15544066096584 109.97273665155447 70.14716882164134 56.72948621794427 121.84764047170066 103.68353406627634 68.99695404840928 110.43735520643936 105.04494516804255 113.90356683182283 75.01119044118818 106.10167343531914 72.44516976800898 114.41181411483247 139.6349629505366 125.73116277859381 137.233605546232 118.91095017557217 94.21152750068052 100.5073708908899 103.196076654302 103.6093456297617 128.1204125580187 94.7732386127104 0.0 106.09901959866333 139.99177488354152 107.33504934823334 136.57126066202125 91.03784938440864 119.86881203630392 123.68758960352615 114.9252928501922 109.34679887816154 105.25796657204114 97.22317572929997 110.43735520643936 139.6349629505366 108.15998208562274 59.08982512704925 89.98802234525934 124.88524128752539 139.6349629505366
113.06149966848477 94.02931904686228 91.88720773115696 109.63469165318921 85.62392459967094 109.71554548781172 125.83907827927811 85.21015815169997 107.35436438446405 84.5281269758696 63.51235195747426 99.95357908473473 86.13534559529346 114.0436976674709 74.61720636241022 75.20250731221012 118.01563250606885 125.24797183666236 117.67502942681737 68.65364901369489 68.72895628920682 105.78659600166155 99.31443317787615 69.25739312130277 89.49286309590069 91.7388119785374 113.5328354168876 79.77721153442238 101.82008819656797 103.8947000698979 105.8180836023798 106.09901959866333 0.0 106.9921199240371 123.19253818571428 138.2753526587013 80.31122960607219 74.50496361879206 92.06932650878062 121.51949886786369 94.0072221195016 117.3917186159397 104.11234218016145 109.71554548781172 112.99142180228066 111.15274253292748 136.69685594353513 107.35634765653701 113.90356683182283 65.61701038589727
90.3887960600512 101.82008819656797 110.38840429766836 87.14985561405909 138.4403410596412 91.7388119785374 68.65364901369489 114.86804775747734 82.94864244457848 79.13067687594061 112.3880663797634 98.99267470187465 99.95357908473473 129.62664832863538 81.68390213298343 87.77390696198914 121.98637721749854 58.25595579788364 72.00828756772395 105.3825126174633 143.79774879933785 101.82008819656797 101.93804693691885 91.27272261768131 95.04834787669193 130.17607125229537 89.49286309590069 117.64536775738203 103.79612316842042 94.21152750068052 109.71694692093736 139.99177488354152 106.9921199240371 0.0 97.32117643059516 67.62122211498001 90.47190644795154 161.61304543767716 98.99267470187465 63.546024617969614 138.2753526587013 87.14985561405909 130.73894864105708 99.12180587527244 112.29109800133416 62.55947475234759 106.10167343531914 125.99954620937547 136.46927301207577 97.42120688868637
98.71267479897449 113.2963662804451 93.30375701893895 89.45174449143124 84.05394132437425 83.48066983269825 74.50496361879206 125.24797183666236 102.42957937836375 99.95357908473473 104.11234218016145 78.5824240321619 110.87339265413502 88.7614045247361 126.34096447835685 87.83184665042808 110.87339265413502 113.75749948268314 82.42178091835886 96.06963249630181 153.31956240175884 70.22756057615746 98.71267479897449 94.5014759730808 117.33767703724314 95.31267457937128 136.57126066202125 91.21176078076103 94.7732386127104 87.04105034739221 71.03117499392235 107.33504934823334 123.19253818571428 97.32117643059516 0.0 88.23474309845868 74.61720636241022 126.66622732634772 102.82704795820834 79.46322287356419 112.26044565282416 114.55462239977787 91.03784938440864 110.85339488210016 97.42120688868637 120.92922470507744 71.07887746405001 85.40628606365681 94.43716148407216 134.4545476082745
128.73683964547956 79.12675545104528 133.31881123016976 163.69234481287234 89.45174449143124 69.2864394543746 121.48122367485233 109.48628482967965 62.43096646166784 101.8387872113221 130.17607125229537 114.16810697988046 104.11234218016145 84.15544066096584 127.52066573561781 59.08982512704925 110.39589585145819 75.03013285101795 97.15485732608724 105.6835511309561 61.15166806123777 92.45241536101807 69.25739312130277 76.26359951564088 138.5148297299189 79.13067687594061 59.864314467979575 110.34668227345901 56.72948621794427 92.4992228582663 108.58460807787718 136.57126066202125 138.2753526587013 67.62122211498001 88.23474309845868 0.0 114.9252928501922 84.31096420679869 86.57188044746907 106.78136434891506 109.80794408157519 60.677731224009165 117.30675440102917 32.12930213032581 117.2629169681095 153.31956240175884 132.45735766799893 57.83149489688703 129.22430737608272 97.15485732608724
134.06924708734917 76.78362380132099 71.03117499392235 112.3880663797634 111.55421300177865 103.42387563355344 84.05394132437425 82.42178091835886 91.50316350085285 80.48490011166706 103.96475837440958 90.5729415027529 93.05230971838547 75.5401094146703 122.70081898341041 100.76802809840001 95.0394025416113 93.96726937427565 136.69685594353513 103.40021877135968 137.84741347012255 101.93804693691885 75.37327303870329 68.99695404840928 132.09451118520792 102.57109446749992 121.67909934251657 99.27376494093699 77.20793423929881 106.47505270598315 79.98740075044032 91.03784938440864 80.31122960607219 90.47190644795154 74.61720636241022 114.9252928501922 0.0 151.73675705365602 89.25262015145623 72.30494130896423 78.66362307921727 107.33504934823334 72.30494130896423 68.69291737796271 93.96726937427565 83.41707118360274 137.233605546232 117.2629169681095 90.29154134593016 94.26737216425117
112.99142180228066 147.16370261979796 109.60845682729713 71.4390564553058 111.75368266833426 83.08015952818576 95.08471754765908 96.65314101688207 73.23112777905517 81.91045065168352 129.82189160813738 66.14161439587761 85.91644658923366 139.18743931191852 69.2864394543746 88.23474309845868 142.2557006354607 121.84764047170066 88.62206032684742 95.85892779426429 79.38901452097612 103.68353406627634 74.85119175998327 109.95501091318201 80.31122960607219 106.04346839922836 153.31956240175884 88.4315821231092 101.93804693691885 116.72758703653754 122.70081898341041 119.86881203630392 74.50496361879206 161.61304543767716 126.66622732634772 84.31096420679869 151.73675705365602 0.0 85.92384499437013 121.84764047170066 112.3880663797634 84.95433222838358 132.66810714905927 95.69013131648312 140.3527318354371 112.29343554334116 112.96619257222305 91.98548524510397 87.94332399649645 85.24049716478534
116.72758703653754 98.76334797655501 151.76030317625555 72.00828756772395 101.47358581347444 120.92922470507744 62.73103240924898 77.60486155353611 105.64361754524609 143.38234404850922 104.11234218016145 93.22283161533521 95.0394025416113 75.37327303870329 96.39992611844153 110.43735520643936 114.55462239977787 145.91697146082444 62.39144923566059 86.69618727181627 105.41934231360061 75.41677808265146 93.40508745360057 120.85728502697762 113.90356683182283 121.25255579002655 138.2753526587013 99.7405412886098 112.29109800133416 73.23112777905517 113.96428667541687 123.68758960352615 92.06932650878062 98.99267470187465 102.82704795820834 86.57188044746907 89.25262015145623 85.92384499437013 0.0 69.15607528132003 93.22283161533521 88.15446852296752 32.12930213032581 137.68855017826996 94.5014759730808 155.97066458450527 78.1037905158637 106.9921199240371 109.66391906678216 170.42763632091845
78.1037905158637 88.23474309845868 122.76547593744738 121.51949886786369 79.46322287356419 71.4390564553058 62.085271017566285 109.80794408157519 83.08015952818576 63.51235195747426 94.23359624390828 105.19930718896397 123.67972830145365 88.23474309845868 106.10167343531914 62.43096646166784 89.49286309590069 68.75927959982877 61.15166806123777 117.64536775738203 88.59434115098914 79.17999893013845 99.05506107426424 37.04568340158281 88.59434115098914 147.010135018905 95.04834787669193 93.05230971838547 72.00828756772395 84.95433222838358 78.5824240321619 114.9252928501922 121.51949886786369 63.546024617969614 79.46322287356419 106.78136434891506 72.30494130896423 121.84764047170066 69.15607528132003 0.0 114.55462239977787 62.55947475234759 110.68883340228128 99.97530938280234 133.80095019840755 83.08015952818576 87.31281550741858 83.85932796765891 81.99660211197842 102.84944882322745
110.27824172608327 93.55817623020344 80.48490011166706 85.24049716478534 108.15998208562274 132.17750661991022 128.59407913889905 111.5688341118425 103.40021877135968 87.14985561405909 102.132418219937 84.49278252963504 87.31281550741858 92.45241536101807 113.96428667541687 147.22004006292264 88.15446852296752 62.55947475234759 94.0072221195016 147.22004006292264 117.2629169681095 90.4265583857573 70.22756057615746 107.35436438446405 88.37922185422097 62.43096646166784 104.97236517560616 138.4403410596412 81.91045065168352 89.98802234525934 110.39589585145819 109.34679887816154 94.0072221195016 138.2753526587013 112.26044565282416 109.80794408157519 78.66362307921727 112.3880663797634 93.22283161533521 114.55462239977787 0.0 131.50558099757197 142.2557006354607 90.5729415027529 108.49608168456083 104.56267026827143 84.15481032986162 81.18430057593073 93.22283161533521 53.3392821573794
116.93688750062637 91.85723927771966 91.19539134228594 94.5014759730808 71.40696595884216 123.30423782632751 106.04346839922836 75.20250731221012 77.60486155353611 59.864314467979575 78.80225241050574 84.95433222838358 95.77299846994364 60.04670565435133 78.66362307921727 93.33465611995823 78.80225241050574 93.55817623020344 71.18347021060697 111.39967369320935 104.47443357967428 116.72758703653754 87.38540797843619 100.76802809840001 102.42957937836375 77.84938973730593 107.50289738273968 45.325151108600046 134.6324744028048 91.88669087847752 73.95527930672603 105.25796657204114 117.3917186159397 87.14985561405909 114.55462239977787 60.677731224009165 107.33504934823334 84.95433222838358 88.15446852296752 62.55947475234759 131.50558099757197 0.0 127.54822415510854 74.70308812605816 95.08471754765908 60.66222681121881 106.9921199240371 81.91045065168352 53.3392821573794 105.41934231360061
102.50999987804654 122.22986136690949 62.99622949251157 87.77390696198914 92.18678661215407 85.40628606365681 112.17119437293476 89.25262015145623 77.84938973730593 104.99531043367077 111.01192568075749 95.08471754765908 88.37922185422097 113.49260764745256 81.99660211197842 72.4025370047288 104.76148093719627 44.650822261403334 182.88958388316735 80.48881444106361 105.5166722031022 60.14601382674723 78.60894897049346 109.71694692093736 75.37327303870329 97.22317572929997 89.98802234525934 91.93811044372995 93.49281139870992 108.83427249753633 66.19662117112586 97.22317572929997 104.11234218016145 130.73894864105708 91.03784938440864 117.30675440102917 72.30494130896423 132.66810714905927 32.12930213032581 110.68883340228128 142.2557006354607 127.54822415510854 0.0 148.9654761502044 75.03013285101795 112.26044565282416 85.91644658923366 76.30884770818614 78.85028258697434 125.24797183666236
81.68390213298343 104.86435435237597 60.66222681121881 121.84764047170066 76.26359951564088 171.884549652741 170.42763632091845 114.9252928501922 119.86881203630392 137.71222986077015 114.41181411483247 88.62206032684742 96.39992611844153 69.32839329405016 133.41654669375754 35.599789560575715 116.02229156293018 94.43716148407216 121.11994251583019 100.06026233720519 98.71267479897449 107.50289738273968 95.72895591687433 64.58682996670622 53.57267134026997 107.77932638392306 80.48881444106361 118.21383532497774 123.51200610140934 73.72648831090733 76.45506320211413 110.43735520643936 109.71554548781172 99.12180587527244 110.85339488210016 32.12930213032581 68.69291737796271 95.69013131648312 137.68855017826996 99.97530938280234 90.5729415027529 74.70308812605816 148.9654761502044 0.0 133.41654669375754 110.37711524566477 121.91366317606654 71.18347021060697 82.49531642890193 118.67907821742882
