100
0.0 100.93961956438321 104.06373654438266 101.6616908419915 103.55796847974099 95.37656275669664 93.54041340969746 99.88095427241237 98.3513237718832 103.57663479469011 89.73099445634932 103.19865955799227 109.95493287479202 106.86208556625789 95.6255507694832 105.21912055937503 105.3088653773503 106.11829844929223 102.08489036032846 102.41517531062385 95.75643316867357 93.09323502364947 100.22970399263134 94.30866752765108 101.30205444561014 103.81910085157327 108.47996565088633 104.04915178290113 104.36157280235209 99.08312401018658 101.39154550528787 96.842008199584 99.66069042738427 97.11961343476334 93.40522619096669 106.61936431643487 100.94241829848004 99.05054058949591 97.24335029531845 94.74112475207323 99.25475843533067 95.71511482468361 98.75743997706476 100.77945526690903 103.17196872127487 109.65668118529535 94.86122739584252 104.82009057049443 100.78897252774074 96.30877642735355 106.3836808430742 112.35299595289112 99.01551934144149 96.24834357151158 98.3919614442743 103.68185701529546 99.30306327169001 97.00732252042225 97.55289832842261 96.80524206296754 106.70261318069984 101.38142486109662 99.99853306808829 97.00277577788952 89.59129600257499 98.16738531523927 98.1954895348741 95.49756675974811 98.09311984344849 100.33870719737992 98.97716618584535 110.8591116463224 92.75556863855455 99.6438313140082 99.75926715227712 90.52024620372941 102.52403054206827 96.29244158566031 97.8056654656202 98.48615698739007 100.03538881613323 104.46951397031806 101.60223170000992 99.51513632653605 95.92327959907955 103.65133530370582 97.75600986489962 95.04334811249089 96.74166355635272 103.45121874086554 97.01176223265276 102.14956820471598 100.10252321836577 100.0047222274722 104.75072856622674 106.45175038433683 106.68544853200167 97.83342624980463 108.65949826725267 102.41908393363035
100.93961956438321 0.0 104.65723689505775 100.79998343282675 107.4420813680003 104.13345095161755 111.5062329919054 89.98587315386145 95.80309337433616 92.53978342173683 101.91597640810588 95.99480941314187 106.49207843402452 108.91840302708843 91.52316838022168 93.07039020475138 100.03641994562314 99.76729859805668 88.20055972777944 105.24188640137653 99.08867547302111 103.85936456224086 101.47976157505316 100.93565516222013 93.65455426061844 105.53712634404161 98.21034597990635 101.52095428628218 94.98599187369324 103.15571653209575 88.31132558904174 98.39509919436948 100.0390013677371 98.41696651111769 101.5509290165429 91.71410879222707 102.67184345554492 100.46209425715828 98.50630985609068 102.88441533758876 106.4609653830172 102.00180228945784 99.29200110681415 91.05314669945973 103.11471878484465 99.25059656322084 106.79893025542953 96.05295849036638 100.23658249855548 99.77815213571522 100.09507050119124 92.59571840584996 98.06620418004984 92.37376496331034 98.22081545435276 107.4353322260866 99.35593662217026 93.79624511057584 100.98983078884807 106.88809202277126 98.60077281160339 92.61381675322092 93.57928517830511 99.48406246096197 91.07842683521758 97.89692983608046 100.38668298928208 107.14765172542961 103.87743352499395 95.563565338602 99.85509501752105 97.73904571425521 100.452141467009 96.31845214450296 92.8635114097499 91.65339714719984 99.19199422925136 87.09607611653377 91.03885075764147 110.20810492516418 103.687317597958 106.11650069831242 103.4358188797338 97.49000808362986 90.1098364924538 98.73361092698697 100.64191881251224 96.68678100472498 106.90282482114512 101.6595192431263 99.20207822795216 91.19543803382723 98.2074852729608 102.88684340714308 94.72200083766741 97.23286533861665 101.82019928571059 103.23141150592735 104.44196421629337 100.53426574652715
104.06373654438266 104.65723689505775 0.0 101.90936562436916 100.16084117997696 101.73643767775485 100.47810261444594 95.55886078739586 92.73201710983714 97.04728182544017 94.94933312926962 104.30586079332596 94.06829001411012 106.94686165537854 100.83017307984595 91.66047599170855 101.80280266542839 105.98992689262415 97.43240857673311 95.20322404956406 93.50053221502436 99.18708611813885 95.8933487722763 96.20911159660565 99.58441751602462 105.43661771338071 98.29534725775417 98.7278833683547 108.39903741390228 101.55414971263042 102.91632075556268 94.46437327755825 103.26330704051755 99.26898746487514 105.84127230477142 102.57012351473483 96.10175094796334 98.39942301497047 92.2949684609242 93.27865421456647 98.76629263390286 96.7704291453944 102.3233954153067 103.46578666338503 100.82907288000675 96.54358761888521 96.73346951156583 107.74703605170792 99.51513632653605 108.9371134272748 96.65010002748372 99.69743335161837 87.99003055815541 103.6447636809824 98.95902754110007 97.02655090737018 96.38420553755883 101.87032446568297 94.77023437109646 98.56084774961722 97.14330189509408 97.72396516438157 106.27330838554097 100.33637369891014 96.27134208225222 104.87693497019845 106.05113314273025 104.61161877697226 95.9563860783647 94.0786172412748 94.65356528609443 100.95536976387885 93.26526024594881 97.9945861510517 94.00320659330772 97.63307790161126 97.34160301647621 92.00615063600974 96.1171139826023 101.02673780422089 102.42109549824555 97.07504920349304 98.82732718988986 98.56393724274622 93.68006778575268 104.48562192018014 112.63266318640133 90.20768576026569 94.74629329122 99.23232312794626 90.80834846141414 108.42112313207689 102.49759486295429 102.49045194112377 97.62299850594808 94.79988945593782 96.58373052941418 103.90977265476987 99.10939112849617 108.49427914565537
101.6616908419915 100.79998343282675 101.90936562436916 0.0 101.48216659457793 103.99930830608992 102.93589577136734 99.72684931620425 98.1954895348741 91.43972541055768 95.36623068817883 102.4662989792296 97.69680048498563 102.59239514976805 97.61453914335154 98.92179489208102 103.20319588862641 99.8448601330643 100.94241829848004 93.25184550827068 102.0576045313227 103.06816881531667 97.08329549676569 102.89299444008545 106.6086512961361 94.09149192098451 86.6252099764236 102.79929044297724 96.82699634591015 101.58311891457679 103.08752557697112 95.5695683013104 100.32257716165807 99.48960880816941 96.4405487812277 95.00205754403164 96.88604919586489 97.38686801513084 89.4001886942336 101.64299146447868 91.47050648492005 102.49402785765137 101.31805297541317 98.49982776079621 106.72859249143133 91.61746500777303 103.79799674207518 97.41552195184681 98.27809128181701 99.82156058002232 97.76860669436444 99.77235506783902 101.69271830005681 94.62879771466967 98.42606853273013 103.55728790226702 97.48311728165355 105.01968457419397 103.3594561285492 105.06916428039138 99.58849678738366 95.49642131993292 109.41138847364422 102.37874776740058 93.50340726926298 101.71328948451357 108.03951554672032 94.27256880459873 100.52826485592736 99.0031677696215 101.01793864052037 105.45714238664847 101.84353993579046 102.4106660010838 101.3784558024584 103.41558488754194 96.10706769427281 100.12922400655292 97.8823899056143 110.05829133925602 92.8602532151152 101.89252180332966 89.62318204235687 90.63790177960352 98.46902459536419 102.2781759134158 92.96671864866448 94.86286606417269 95.73085658709196 95.5307498487496 103.17063623383999 92.63922377106526 101.58458961788577 100.76958877461443 98.69451456653225 97.21306021837493 99.55252879598372 100.14929230876541 100.73556976843663 100.86941077566321
103.55796847974099 107.4420813680003 100.16084117997696 101.48216659457793 0.0 97.53212512718693 97.66557238778114 116.84819329490638 102.41243140418523 101.37832251139284 100.71555253618216 94.68770072081821 103.19378369071859 98.26955016267502 105.76629900812644 101.58000842418649 108.02219231367833 98.48881597692741 101.88074100966107 104.84219320537653 109.96108562362744 103.01869898963105 101.4854983241404 101.08756686461759 100.22057692139956 94.47692760454864 99.61638799330306 103.8829691787414 96.86252266880678 95.64828510957769 104.34977304862001 97.00035571408844 94.91605678176312 105.48364123872119 95.45497615017477 102.18880630020553 95.40288388134891 97.8207306885539 102.47852162615541 97.53212512718693 96.1055825156668 100.3732173200664 92.63922377106526 97.1798100663692 98.51433648245357 101.32738751210992 97.01424955947884 106.59241908065549 105.36452912864316 95.88285690856165 91.37386630926666 107.69707857972088 101.92836617628996 98.74275772384549 99.156579820965 96.25143161901399 101.80878398154616 106.10224402949238 103.118940980314 94.93554822914112 105.04773786347286 90.27566949366364 98.34543268024187 95.94722727295127 100.7143862800363 99.95778103652341 94.35904356806064 100.05273970436697 108.4494319071728 109.27135834450527 97.8168434635564 99.86804803480898 86.33601103973417 106.6866010631144 89.82092775188423 101.4086881955184 109.67264716179643 100.33637369891014 108.49669312561905 96.29874505082209 93.88557335624971 106.43562529793688 104.40473714136199 100.3829443745566 99.94716092413111 99.58735262549447 95.40288388134891 94.6256712622976 119.76193634770617 96.13377185028618 107.35104708537298 104.00888510497276 86.16373775574657 104.38102308363561 102.66694995070903 98.25519748977408 105.98597758384776 105.99084095588634 100.48438477792692 97.66284138784997
95.37656275669664 104.13345095161755 101.73643767775485 103.99930830608992 97.53212512718693 0.0 103.0669330532261 94.14713529963733 94.72251232740363 102.93581891379901 103.34885274749368 95.41546295259778 107.85304925787258 103.85023626378485 108.22760048555007 95.16305890699522 99.51735339153149 100.78312875419041 88.14272559894744 110.37167076076695 92.21247455739599 103.94014066959555 95.24055695266959 92.85456644966537 97.61453914335154 90.92626306718245 95.57760027556753 104.48507438796807 104.52553529356882 98.6245088387772 100.53808408201327 106.7034019075728 103.04962360400934 108.86253041709325 106.26104437111117 96.43993071878882 102.26562626089611 106.65939211165602 94.82838663402781 96.28443898872187 104.25993730026977 97.8884651826796 103.75811894842953 103.49725267155351 91.03885075764147 103.55804337478847 98.20952200625499 103.3228840608724 109.69782257156956 99.10939112849617 95.87438972878478 102.66227394325941 103.19234327460497 101.21035834754925 103.40046519267736 96.47407200466283 93.84051656490327 99.10343432788174 108.28376750799247 104.46035276193483 97.40037480129341 101.56985929988221 90.14095399668025 99.28366951944595 101.70769412595953 91.77983003376994 107.6296077086036 101.44971489846762 93.48501342829078 98.34907927626413 105.88217235468198 98.44875677357973 103.97906116787445 94.3550737875961 97.60091111819926 103.19398623370537 99.36235492279211 95.43380172084389 100.48560371508758 98.37387229822164 96.87563042184792 99.13276918794602 110.22131035897532 97.48311728165355 103.39249819045851 98.73784689459377 106.54307763198581 90.09396455071514 95.95546700202073 90.04549556602053 99.02498707903518 102.12183168612502 97.48369850912587 101.66862100598286 95.89691987352215 95.91736645056871 97.6997218937569 96.2935052454463 97.45560341935094 99.54686227822359
93.54041340969746 111.5062329919054 100.47810261444594 102.93589577136734 97.66557238778114 103.0669330532261 0.0 96.04212102342952 105.51455547341676 98.73718043332369 100.79693157986426 95.00461194348932 102.27342652173904 92.68866551557912 102.74729848627724 96.99627344329296 108.41667967289557 106.26637424071028 96.25165333975367 98.01299201100409 96.80318657026869 97.28758586346908 100.06822060101548 95.39475427435485 99.73198859972999 102.26558706683475 99.4738769905148 99.17191026900345 94.28948256348903 88.54896533572682 109.74536796516894 101.30488911161996 98.93431020383792 105.24065017546825 101.6718623470488 100.57308506594401 106.4882925661284 95.81552634848886 105.43207024705896 95.73085658709196 93.23001748891652 103.7345704220346 99.57745724386261 97.28875567001461 105.79057584698481 101.99517247743148 97.94654068612022 97.27441088396965 100.9692981710712 94.82012180586378 105.72034865984645 96.93692220710335 101.49255341972565 102.57012351473483 98.70299965564183 97.22727462643695 99.46639893753797 106.65160210294229 114.8854469531319 96.45321159442726 101.04286850509358 102.58974959585892 111.24342797371304 93.66551274911981 101.18750497590014 112.65660062259107 91.12094101330622 92.96579537155972 102.3342653569015 101.04594823351201 92.91022929857563 104.84286973381349 100.26176305244748 98.76558383677003 96.22528359468063 104.81126647071257 95.563565338602 107.8708223625858 93.74042431611534 95.13022407981254 93.66845334804218 102.21586390559652 96.43579522355591 100.15726949436281 108.09935009064034 94.36863186160707 109.14699956705768 107.0993847694498 96.84429892018284 106.48126340783438 105.19009454863573 92.57273156082643 101.73476586637821 98.8378530856871 99.1690755428158 96.39950667559692 107.33952775841657 96.27409438164952 96.97372868490943 107.62773923466318
99.88095427241237 89.98587315386145 95.55886078739586 99.72684931620425 116.84819329490638 94.14713529963733 96.04212102342952 0.0 103.59403562323483 105.63111892019428 94.34009800048854 97.24670354808765 100.05076557837637 101.04274689274857 94.5887266005463 101.71624762587098 97.78462153007335 90.49617401325264 94.25243794462494 107.85046496547213 103.54279391561472 94.79078979803158 94.7627699400756 108.8306868889406 101.69271830005681 99.01498863418314 90.7793658703725 96.04569715712928 111.70358408653591 104.0304320382851 99.5057057380499 92.2260841616179 104.81126647071257 93.68709808971248 95.65375679334007 86.86352886767689 101.60508663066172 103.28110949832649 104.00858224815025 98.40678950907645 99.84479296042254 92.27166470182206 100.05273970436697 97.6618886189288 97.59118721644225 99.88515415248968 91.9261722318839 104.22861068575256 96.38872625164845 99.156579820965 106.10224402949238 104.57222144460822 99.66340010493329 107.08733110134787 109.6966919609018 105.29096045963195 92.60093588615563 98.1926367982402 101.22913648462597 106.67029820282855 91.83072024819855 97.53798662044692 97.1960607166552 99.53683792445716 106.30204096850116 102.42115930129529 102.27898282851731 101.52649631111719 103.24554045047168 103.0594926496362 95.91144678393373 98.83686067337035 103.41440846004559 105.71741968162004 101.98792950902168 103.80901380632119 99.22509244742535 94.72251232740363 106.26939659942826 102.50633131277117 108.02409180283097 100.64784721771473 99.1707007582757 98.95988168013922 104.55002016383557 96.91381712522154 102.1238860117238 99.89701114286923 102.993912513565 106.25799908958065 96.56439027940898 105.77911517627284 102.51172380316098 100.67659544980118 97.4526273072124 99.30306327169001 89.446567969652 104.77443446104937 105.14197537664901 92.73201710983714
98.3513237718832 95.80309337433616 92.73201710983714 98.1954895348741 102.41243140418523 94.72251232740363 105.51455547341676 103.59403562323483 0.0 107.77222711515768 95.03186604430273 97.51064601077174 98.50367219103227 106.6242587364939 100.08830929719682 101.07470904901881 110.54069921756687 97.4648370212276 91.52316838022168 106.59497561801254 106.44571266872579 108.77935741956438 90.7793658703725 101.27159175950165 100.28705338795552 95.0643582714542 100.00841169048667 98.62547541460123 92.15977157651938 98.39942301497047 105.57330888619451 98.32143784364499 98.97054447714079 93.01720610846662 98.42391374751885 94.5881950691147 107.08733110134787 98.42391374751885 101.39124043024124 102.56872174514926 105.67796414993502 109.60952635201474 98.97825983042074 106.64853146277646 91.00570988652522 99.22950627306317 111.32421609697312 94.90754119836792 106.70827308009721 100.36469136116891 95.44745370519267 88.31989940564834 104.39588546200999 94.06496631670974 102.12094888604193 91.50301883966445 103.62328678272469 101.23950658476818 92.3096188917848 104.2894486811248 94.17268716612094 92.94194376556055 95.8357540105064 103.4965450666146 97.90020517224272 106.8788069664887 95.31270257537767 94.75358684605712 95.1921483714115 100.07542300210339 92.94911824059112 99.82784687309058 95.45208883658272 95.43380172084389 94.06966271745853 103.46578666338503 97.53077825410584 101.39494224250878 100.75613729240834 99.6076693334123 101.84348172751295 105.76964296679007 103.49266670820575 102.43752263436366 109.57696228699436 97.78872198194236 101.29915725337791 107.35782103298381 103.06816881531667 102.8161193441575 103.75287718772381 103.34630813372178 102.26952441625423 102.01795876085573 110.83218273166662 103.47697378750384 101.98875484534655 100.87707336286178 92.67963335310594 102.12183168612502
103.57663479469011 92.53978342173683 97.04728182544017 91.43972541055768 101.37832251139284 102.93581891379901 98.73718043332369 105.63111892019428 107.77222711515768 0.0 106.78998087340995 87.20628350918294 95.62337675328345 101.18042189267166 97.38686801513084 85.18773729422001 100.06068892352368 102.5888791764675 94.47692760454864 99.82541781051358 96.41925299165173 90.91719047748067 95.15910878512506 101.77067001149432 92.06364149169316 105.54882355776317 103.90383535524033 95.79458834898495 91.23501621377689 103.095916623605 97.2277347493842 97.69448170793449 100.82284875920004 95.18695577525709 91.0604016575107 109.2759500588881 94.57338756298016 95.31880559972744 102.27790095152632 103.51351925125506 108.2139324219678 103.65363932002234 95.40333103066753 101.31805297541317 96.40495660428243 108.65592393521466 95.84622888105548 98.21709247126516 96.79836420696098 101.63238948465276 101.16949298574987 90.17194288554653 101.9718358742503 104.7149905490816 94.77186814742478 99.57091330799895 100.3765606309961 98.55477125162587 99.75221438255036 106.97115142554411 97.64687307876211 104.78654735655235 92.63248679296615 97.4573675819914 105.1367797729291 101.55414971263042 106.894106047326 97.47158861498988 99.62584470671545 96.54888932667083 98.28143709585626 104.326199040783 100.57308506594401 105.2918308795746 98.24682021151843 93.99669947845854 90.28936258884698 113.02081935613839 102.04522833708971 99.41591366096453 100.0196975254954 102.1585451133171 101.4515702708663 95.44919762851458 103.25906585154158 95.53749831075825 108.54947177023035 95.99849777153332 97.77805136381765 88.78983521939907 107.09730646006783 105.64385937089217 97.92630961273797 94.92454694321856 110.27349825807394 95.49756675974811 103.8465286752254 99.97837942490104 95.97446843573962 98.92983706135378
89.73099445634932 101.91597640810588 94.94933312926962 95.36623068817883 100.71555253618216 103.34885274749368 100.79693157986426 94.34009800048854 95.03186604430273 106.78998087340995 0.0 97.18541792330794 101.06432648232733 98.09955505719762 90.62509036550182 92.64112342595779 103.4236570903613 98.11612389536806 101.67680218487985 101.4181283749056 87.20628350918294 101.15917736264453 102.30796728772104 106.42382464580747 104.1977330272936 99.501029981703 101.9098367533697 112.12221338727186 97.76188725833704 94.97989681486618 103.69615471589695 105.54774374111938 99.31084514107276 99.81419264809992 99.7942323663607 103.8457237294691 94.12740228894813 103.37250447310916 106.31958160687435 103.84482629525101 98.93709429986217 88.84243747555583 95.37977280481394 97.32587534978718 101.55939126690717 98.84138725524934 98.12297237967759 92.6474310575578 97.8172178069986 101.06815815496101 105.80252657390122 108.26106815961197 102.3036391085038 98.83120428558584 99.84479296042254 101.42506659599294 100.60054946308087 105.24065017546825 101.5085727193681 104.23997808546949 105.56699004288744 105.18718403882023 98.25955080284984 100.32269820886616 98.67357098889326 102.44549057688718 98.27258204984773 98.13252474535349 103.8458650770019 105.4895498278724 85.40858241653805 97.55246592598434 98.74992951808758 103.86165461278333 97.01687788829945 99.29980642338013 97.03389860623804 98.74508775860177 105.52724934362459 103.16018549628659 103.05447125844306 97.7746970805452 91.47050648492005 108.9371134272748 107.73972351311369 98.96359265265394 95.15172118428433 108.26520465218992 96.54416023611692 109.57696228699436 100.13758419820347 99.6438313140082 93.2064395098218 103.00440888133792 93.36227852723303 97.18165931077175 105.82132637015096 100.99255817445277 88.49667081376232 99.54913770643968
103.19865955799227 95.99480941314187 104.30586079332596 102.4662989792296 94.68770072081821 95.41546295259778 95.00461194348932 97.24670354808765 97.51064601077174 87.20628350918294 97.18541792330794 0.0 95.38044386519165 90.34437878767498 103.8465286752254 107.9741263932886 100.75404149579568 103.54221575351991 95.83670971852679 100.98755419595244 102.31356206422136 95.77900660860797 95.99199816591064 93.27865421456647 106.68544853200167 97.47424652509727 98.3992664221488 100.32241667033138 100.3829443745566 94.50137091744547 99.70768481411078 94.03880785735288 101.14480673372523 95.95979963047665 94.67712103377532 99.49444335962279 96.33882061498203 100.31238778682913 101.70134854236618 96.31207377538354 99.17920844150399 99.49444335962279 100.22617322497423 96.11132891178914 103.1676906335826 97.46384832078712 104.27010450557229 102.56045391542285 104.46951397031806 96.99930640907698 90.76164256381303 101.59867271585664 99.2700784707564 97.6506428580867 98.04199372780342 100.77809622693376 99.1418876521298 95.11582771524252 96.5635754955747 105.62394082264191 102.83482786919353 98.84138725524934 95.65169963770342 107.38688553594699 105.51455547341676 95.5307498487496 94.47692760454864 96.71171877585628 95.76238047584745 103.37662442269595 106.4639656991318 100.30042251584985 98.7854034629337 102.29044346244464 100.26968020008728 112.43016067337305 102.94450964130624 95.95546700202073 87.09607611653377 101.41477473032775 95.50465888390933 91.39099061978051 100.07907117691158 99.55252879598372 105.97325783520931 107.48497383542534 107.51826640792842 98.1601511201769 100.26598063855069 96.42340479636152 103.49850930219938 99.53144216722731 94.95272328927099 100.2415883933148 98.23441190701037 96.4561053027701 95.48839408519294 97.3604252748287 103.84482629525101 103.88376338934063
109.95493287479202 106.49207843402452 94.06829001411012 97.69680048498563 103.19378369071859 107.85304925787258 102.27342652173904 100.05076557837637 98.50367219103227 95.62337675328345 101.06432648232733 95.38044386519165 0.0 105.33993979335104 93.89084156554253 101.21162793683459 106.12336063376156 103.28237018502473 97.60953476571237 96.16553952091354 95.87379014218394 100.39241235170996 99.68696172374074 95.95483174274831 103.51585018014408 103.81354837868592 103.63385545592529 89.72517069490624 103.50323100439397 90.37725980193477 93.2523433566024 105.50729488727195 102.40927325019862 91.27028657571594 97.68413083207791 100.60947467094395 91.79709480610097 103.81524728266326 103.6925477296676 107.16386362579053 106.31039536231805 100.30364727137703 105.5929290097972 95.62859030119957 88.78983521939907 108.70612922123227 96.22463184959982 95.43703333203325 97.54069489085003 91.25100104359582 105.35642304052628 102.94355662717878 98.73796822236798 101.84714949721702 103.664077414595 96.90682996716417 100.94797213699434 99.23878408913195 89.42593701745291 111.11471753646671 99.99853306808829 107.42497893102245 101.66200992545116 109.61390794357061 98.87335438552738 91.48659702857483 101.00106993573539 96.6031009939335 93.72677144287617 104.48662704256337 102.5497976899088 96.5266640648595 100.92114629056344 100.84908491643907 109.8433452444 95.67515458200977 102.6617139133064 96.94316435971531 95.55564881956009 105.8063846437146 105.49926823443334 102.54013552283237 101.97354244026342 104.23997808546949 100.16402011394985 103.94142258346713 90.08053030108695 105.3560015894317 98.40437291598666 93.31127179714987 95.1921483714115 99.03384465688934 105.93355831054176 84.55804978267493 95.07017943573956 100.13946669941299 101.60675113332933 100.54117756437498 100.53507522876285 105.86264525398059
106.86208556625789 108.91840302708843 106.94686165537854 102.59239514976805 98.26955016267502 103.85023626378485 92.68866551557912 101.04274689274857 106.6242587364939 101.18042189267166 98.09955505719762 90.34437878767498 105.33993979335104 0.0 89.98290806041601 98.59310771349703 104.36275164196647 103.19378369071859 101.90936562436916 96.15357226906535 101.44478501115034 100.92039816720443 104.52683160396853 93.62313879243675 103.4733921968145 95.7585466774503 100.52049700065311 96.45407479535046 92.33374938486944 91.05314669945973 97.3787125991183 104.99391423652516 103.94868386679246 96.05558654272731 97.97061038565998 104.38867509894027 98.60049431075535 100.49244961089487 97.35914091082392 109.41418062648668 102.11602613795992 91.73204849549981 99.88271184061526 102.14807152295292 102.80594415958332 104.42383857626626 100.8856530086532 101.94853634149393 106.70081997466062 97.66554326476502 99.67726751620495 106.06642595405224 97.27298648581174 91.4957714831828 96.70873653230075 95.39475427435485 105.09755415112149 98.76591110089589 90.20768576026569 111.16322918932197 107.81095752406006 91.17458034350823 94.9463472823122 102.25061877749516 91.93932930457814 109.20700427699566 98.95254750514954 94.45701396193195 91.8425289095089 105.59028504390176 97.03389860623804 102.77480938272166 103.11469515192877 102.18705875324468 95.48509905322062 104.19045446134709 101.98436208525477 94.05538348973235 98.45434934139693 102.18215634580547 93.87751935088673 92.37991116437497 98.72272425021563 106.88809202277126 103.77242235072845 97.94192228438826 101.548060906556 96.73142853700891 100.47800860650625 97.70258615741608 97.73904571425521 106.14955302232258 96.57130265994037 101.20521904928987 102.00180228945784 100.47762335073404 92.94688414028951 103.1664808253877 94.36635914314604 103.10741589804645
95.6255507694832 91.52316838022168 100.83017307984595 97.61453914335154 105.76629900812644 108.22760048555007 102.74729848627724 94.5887266005463 100.08830929719682 97.38686801513084 90.62509036550182 103.8465286752254 93.89084156554253 89.98290806041601 0.0 104.00580228308169 100.50085637540188 93.25802446921372 106.20363044813796 98.62091582523408 100.32266175230176 93.72025977618227 97.7858691486924 107.19442499435209 98.4499083559108 95.10446211842643 104.5673491034212 98.13951608691526 100.68505289308875 102.49402785765137 100.9680489366618 97.40037480129341 103.47127776514766 95.5185539926932 97.62453800187515 93.95885004824514 96.22535472662702 94.46498759764722 104.98137446940389 106.73132616881702 99.02136386812414 102.33162739669876 106.1094135420139 100.55847996518423 100.68502228657061 102.2990427872582 104.46251062217662 100.25231352424407 105.68646115796305 94.17943414100598 104.16024723917546 95.78319173321975 91.4107120405039 96.95526096986612 91.80410944774043 95.09761152028845 107.09730646006783 98.66900361256289 101.05108701709044 100.31238778682913 111.36791365131492 108.02284163217642 107.15783009801018 94.80340683401862 98.19041746870576 108.86253041709325 114.84447241818442 97.70258615741608 100.47800860650625 104.35240070052922 106.54943946969698 99.39214661883697 96.82734408435766 100.87452153908649 113.8527011250562 94.79617300444663 100.9263978040849 103.43927600840713 104.38683858252601 100.95177552399159 89.24860025540218 99.44209946655171 98.15717619534185 98.23504506272273 98.41057693448369 102.27860749336988 103.82197690277975 98.16555661310225 97.70950638066682 101.47976157505316 105.19783838632574 105.27778494996393 102.18215634580547 99.88937942170541 106.61225659705501 101.93972145294752 105.67333601604184 99.79329966078855 101.84348172751295 98.85518012791576
105.21912055937503 93.07039020475138 91.66047599170855 98.92179489208102 101.58000842418649 95.16305890699522 96.99627344329296 101.71624762587098 101.07470904901881 85.18773729422001 92.64112342595779 107.9741263932886 101.21162793683459 98.59310771349703 104.00580228308169 0.0 104.04190229867973 96.4218654351178 105.30588149617452 101.19994072604105 90.0579297675877 91.65018028284071 99.370475805633 103.07132928605604 101.05780053688126 96.28100881683432 99.32370567485493 99.53892560119273 106.00974928163113 92.90557545362792 104.86734552595694 102.75621327617839 96.69263278582157 95.98780143302535 97.48369850912587 97.86839107499003 97.45917619479147 100.29491737950363 104.66321501034385 106.46320586849927 101.33201046615007 102.1452042292913 105.2930436972828 102.79150754815831 101.52560791033679 104.8469542807159 105.56165819512935 96.30338432495938 103.73345517578002 90.91499638869585 102.7359597899471 108.09935009064034 99.48327334663 109.05113757897675 106.62343822392154 102.79786535868762 96.49995412070832 92.47621185493279 103.51351925125506 96.07391012179109 102.80571534565992 98.3205050244941 95.30990029229174 108.8496074360181 96.62003869291483 96.34631545224875 104.66391041633949 99.51418525690329 90.99385249759203 104.32793584725384 88.03342923810789 94.56903888647594 101.63501839946713 102.8893117900905 95.7585466774503 109.08501417274661 99.1690755428158 102.5497976899088 95.72567435398145 100.870773513081 94.65356528609443 95.75091232195813 96.54888932667083 101.38142486109662 98.62889251022753 104.02802942578236 94.5923632358648 101.035783738745 97.83104536061465 105.01774814701778 92.20992920816215 92.69098218910912 94.38024860586917 107.95670293211349 99.32082036765708 96.84701699850041 104.84082027606753 95.92327959907955 90.91499638869585 94.54702324541375
105.3088653773503 100.03641994562314 101.80280266542839 103.20319588862641 108.02219231367833 99.51735339153149 108.41667967289557 97.78462153007335 110.54069921756687 100.06068892352368 103.4236570903613 100.75404149579568 106.12336063376156 104.36275164196647 100.50085637540188 104.04190229867973 0.0 95.52893758996365 100.51152471170977 99.0031677696215 105.44110289442187 96.10414982828 109.08501417274661 105.29019137977026 104.09692238420037 104.03159447486392 108.37577227559734 90.2276911449579 104.51713299223528 99.9429305178665 98.40686995052181 101.61710031587096 102.65661453514917 99.83873367488546 93.72025977618227 102.6809744491159 99.58814533456534 99.9429305178665 95.70528614487347 103.74296487604641 102.7038908472897 94.7798097395466 100.84429524394714 104.03272555668626 98.53475751525785 100.96566227704007 92.58265851549668 102.61066390593945 104.01322604011473 100.82907288000675 94.09198646193497 102.17259211469394 99.34387389935304 102.49311884520793 103.50626000219695 93.94672499312477 104.04609719189243 93.47028226690685 104.80368590728908 104.64651323921575 99.65234812315785 96.65261300476519 90.46294378253847 93.84051656490327 107.30246715395683 101.01789321021518 96.3416379226591 95.76910130529248 102.63866880526312 108.2098778040206 98.61890532932992 101.7942433317833 102.0484698019827 102.48517797887928 99.17389862794879 97.43240857673311 102.43101083850638 99.99221868307723 99.97895732908796 90.32721904872741 91.38864131385405 100.88108147095663 98.79054932405492 108.67980629014721 107.37365991109124 97.96923510281594 94.05603374644213 97.6040996669298 97.97061038565998 101.85122703082838 104.05072845806038 97.42772367966823 105.24452845496067 96.80091276903192 98.2660517904477 108.47441354199522 92.12651827528919 94.12740228894813 97.81224006432247 93.54700209471521
106.11829844929223 99.76729859805668 105.98992689262415 99.8448601330643 98.48881597692741 100.78312875419041 106.26637424071028 90.49617401325264 97.4648370212276 102.5888791764675 98.11612389536806 103.54221575351991 103.28237018502473 103.19378369071859 93.25802446921372 96.4218654351178 95.52893758996365 0.0 104.43151779753731 95.39057769963034 94.54126912521905 91.60137223811593 100.28120378535505 101.25671078294747 104.78414373471145 110.28745371762217 111.98846995394109 95.28101632948297 94.0786172412748 104.92017343450424 99.83347043778791 103.50479600220051 93.4214851592663 95.5927283207489 96.58254942481068 104.81079395290493 98.40875151133237 89.2430207186795 98.14336000177751 103.82197690277975 99.76591620088038 103.58168769856947 103.14296445898414 98.46205096002815 100.77892314584685 95.20409245332601 101.15682965417817 103.66982958451423 98.32294035759031 103.0481707609609 94.52096590239437 93.68709808971248 101.56130458625329 84.23374205703084 102.02725737862202 98.25993890846729 95.75067954822504 105.65865473773353 92.5421291641326 104.94901085374806 98.64357281365261 105.34529059712298 104.57711432649853 99.14687883743682 102.17086046327846 105.31783229718681 106.86922000708164 101.08756686461759 103.66792216727295 90.01987214383857 101.19994072604105 87.20628350918294 93.83021257350451 104.88150635795652 99.98330663282611 106.25908493307425 104.22154557946747 105.32240532478212 110.04974908522387 97.5399675871923 94.92454694321856 99.47166475597072 97.14330189509408 94.1353350150652 97.07330729667416 93.48599347139458 96.93348726892546 109.45190927873907 104.93929239191628 101.50284838117085 95.8292434131872 94.4363008979353 100.9200715442921 101.61713483976007 99.48327334663 99.36235492279211 101.73564412003162 92.50555637506059 98.70274804625141 106.43793379922447
102.08489036032846 88.20055972777944 97.43240857673311 100.94241829848004 101.88074100966107 88.14272559894744 96.25165333975367 94.25243794462494 91.52316838022168 94.47692760454864 101.67680218487985 95.83670971852679 97.60953476571237 101.90936562436916 106.20363044813796 105.30588149617452 100.51152471170977 104.43151779753731 0.0 100.53461487964613 98.17190069463813 98.70299965564183 90.90168290516371 102.10330076435137 98.29276109989574 96.71171877585628 100.49373507464132 99.9781698874115 95.27723111856496 98.6230626648799 107.5446450895213 95.12433420236414 110.97024530153547 93.95018681081494 103.05548087528464 104.81433981303495 102.65955988227402 97.29885222747284 99.79392596617598 96.39658684893722 97.46074288842705 99.44566884124977 108.41667967289557 104.83131947843836 107.45524347037406 103.24441058061637 97.50329954134162 103.24085003034929 105.4266266348215 99.23012447019335 101.69495971149061 112.46640985178048 104.68909160621381 100.08830929719682 87.1876034922119 98.34507621304816 105.31107477391336 96.17655305887733 104.14735580998016 101.49134470758399 89.62905959766617 101.46879639952645 106.1094135420139 103.03494285358383 89.26404559018626 95.15483633312382 92.40402023525121 106.90051957264986 102.939410175638 97.87302581143985 103.54052838344293 105.29382674484738 110.67808553917492 100.70567377637897 99.82397775010315 101.23137538050844 94.65176790266182 93.64160939640415 95.58211730272656 97.70519531171965 98.22081545435276 94.77623656084171 107.08733110134787 105.50729488727195 97.78884181455585 93.1680341487658 101.32513801533412 98.78154909123477 96.77646365285625 94.64371119944273 90.13536733808364 90.4308912273686 94.29380307716649 103.38441032262902 95.01291602959027 103.39122524341064 95.2341337399229 95.23231853959467 102.92067500210138 98.94874238183179
102.41517531062385 105.24188640137653 95.20322404956406 93.25184550827068 104.84219320537653 110.37167076076695 98.01299201100409 107.85046496547213 106.59497561801254 99.82541781051358 101.4181283749056 100.98755419595244 96.16553952091354 96.15357226906535 98.62091582523408 101.19994072604105 99.0031677696215 95.39057769963034 100.53461487964613 0.0 101.04498869316207 103.38293563727822 100.43800975756056 98.23441190701037 109.57696228699436 102.68271672820492 94.87585664438232 107.26173796804144 98.78398577886166 102.29347509341254 93.34213978344766 104.13998761760945 101.15917736264453 97.77386789715665 108.15035779703025 98.22645829419918 93.51640727711782 98.40440345121591 108.15380369940276 104.50199052433672 100.08966668710082 97.52621430459826 96.07499363128969 101.95500044963372 100.5012840227902 99.17555453695752 97.30766419822523 103.05081768125441 97.45560341935094 95.41494168622629 101.54446878535501 106.07531355284127 98.48490745538864 97.80400193977752 95.14867142361749 103.22898243682712 97.8172178069986 98.17190069463813 103.16674594798307 92.28357045142772 96.32098329104542 108.9332518863173 98.22648448962444 101.32738751210992 111.11620574521288 100.95740636226293 88.25593518995764 104.5256989525441 105.9216055122307 95.9348563234998 108.08651061107058 94.9780501807591 94.89553738710207 109.22351780806686 101.03546627824787 104.90789664110977 94.43382561673916 101.16371742321584 95.72205214574764 100.50791208905692 100.18527072795965 89.71078870803161 111.2500490277219 106.62707341899612 100.49915532831636 95.17611986376053 95.23803200334322 103.28498954126624 101.58618677980515 105.59230146081248 91.80410944774043 107.50290594901053 97.2281063780266 101.04847413591135 104.72618289100836 107.28927769821401 92.86492104543564 101.97400299275975 97.62805492781472 106.78080243838164
95.75643316867357 99.08867547302111 93.50053221502436 102.0576045313227 109.96108562362744 92.21247455739599 96.80318657026869 103.54279391561472 106.44571266872579 96.41925299165173 87.20628350918294 102.31356206422136 95.87379014218394 101.44478501115034 100.32266175230176 90.0579297675877 105.44110289442187 94.54126912521905 98.17190069463813 101.04498869316207 0.0 107.25247363683893 105.27091285007916 103.10923656987994 94.34428229328316 108.57916132309214 92.5552525050903 101.83077006118897 107.16825042887957 93.13849558587921 105.06618634121408 97.293965143972 97.23455311661976 92.7222942137887 94.75007808174206 104.96526011218216 101.9098367533697 102.45345397757842 94.4771409662161 92.68866551557912 105.31783229718681 105.35683814787808 98.01664091691956 89.71078870803161 98.40645085428218 100.81737191478467 97.68883352693919 100.16875017239094 98.09311984344849 92.1306710135699 100.20672006761727 98.76558383677003 96.64634128932882 101.4780401760296 105.9518916804704 101.29363429253019 100.28788028207875 91.4469050777507 97.53212512718693 99.79288811106464 92.95194542312198 103.18680811801863 110.43235288449306 108.57562944064465 96.30143954964666 102.03381831378248 104.74322318607207 97.97835357667104 113.81152594538486 95.70709913948507 109.96108562362744 97.78884181455585 105.87511084156013 98.33507923754061 101.22463611078147 102.02832850068609 95.63254221377693 104.13511124872926 102.57346747167752 103.84807237459509 86.02898253437286 106.02472838600056 97.85785564528409 102.47663131522108 108.99477915377426 105.5747588585917 96.5062806167359 96.12976244884837 97.45027260151438 104.88533041811813 93.86061872264338 93.26526024594881 100.38408389656409 97.23899970191167 96.90706909871685 93.62391057509937 95.48046879287561 90.05161065830717 89.4066385059753 85.40858241653805
