100
0.0 110.04216330949923 131.23550218725384 100.53546242579067 108.44306578016716 54.644725887331894 62.13148185330003 96.42058411167777 104.04651849167801 158.499015159011 86.18913173069258 112.26385338163797 105.41693396116537 99.95137545135705 91.08425483639107 133.25146736661156 131.09547468124214 102.67856269118514 89.22500331020922 82.24935984793353 115.0014232239604 59.93002483998655 140.47239619753017 95.3159784993609 104.29865673832634 96.30626106050546 135.96435683608618 110.21543448098546 55.49317770905135 129.78359223669437 80.22417654228786 100.62062367821554 94.602646162204 55.69692916314106 112.96202495275875 79.06305526537112 103.67385406899929 115.85432031103089 88.15732163006804 117.33965394327568 55.59449316086523 101.14353837966473 89.52424782013053 83.83258397761486 103.70525052635196 90.26761667921006 114.27069344046708 106.73635945070588 91.97393681485526 95.84859901197747 148.39799408528467 96.28114025613455 91.44397556474888 81.56845411384587 132.30733002932737 79.54656510652144 69.21289792091241 119.67233689045548 131.78911182389868 98.59859586456707 129.7298986286463 135.22159288421403 83.94167885440967 95.07498338224143 36.665201945756095 94.01706166582164 149.72599083285291 52.76237458063137 93.39400721841957 69.49269422580728 77.06389001033227 65.43008113229212 104.1061001300853 88.76645415859235 115.76756817424973 107.9842085039644 103.49219293328136 90.26761667921006 114.30558135301149 46.78247040701544 97.80104711695441 86.00281142974893 112.9232680138629 134.1496917610279 122.44357531355716 104.73047358302762 103.10186471099692 123.04798622699941 129.78762864813322 112.96202495275875 109.46903178724574 148.81052391267687 114.03959987276241 89.17074369629327 106.65021269972193 83.17435610265841 84.04256588168492 71.74579437485255 136.16164415273457 164.05674267612244
110.04216330949923 0.0 48.09165052632035 112.35454304788986 119.1368210176798 126.89698791769273 74.93330879153521 82.36701736049511 55.80807187654088 91.25759584382041 101.08450446031985 86.10467800804749 107.7400072453953 88.31720496221574 92.42870653790266 71.06838172588375 75.19540479431039 115.40831237175274 86.66505891246108 59.76669834748796 101.14353837966473 108.27966111220897 63.62906966188115 121.68531426750842 108.16502523166223 98.48974251262747 82.36701736049511 104.47217878321568 90.87888994386006 96.3259032985689 98.89636486684854 71.33307422744542 72.49228787814786 72.36393123532596 112.82041579724891 121.93087634130032 119.02343072224832 105.97517561731553 130.22434067747855 45.07852248212863 81.76025044926655 117.73419656692641 88.19240382351856 109.60233668909794 97.84499078010175 108.88890351371745 104.42875201250989 73.77265475478947 106.5581592229596 84.61829036017284 108.88890351371745 131.64562427981798 135.803610987946 123.12256382443158 92.12906043687306 63.699673617829134 90.76443147046466 122.44357531355716 116.99181574610395 103.9362651577018 121.30745606304954 92.73394096450747 116.35891794058107 134.9073022494669 62.21181313708507 107.25627125273142 119.02343072224832 127.6110455692801 110.11766737581002 117.75742125078598 127.63641572236622 111.77836665418711 69.71626064049667 119.96164426850731 109.72826602871916 92.2874042193336 108.72883887465923 62.16564100818674 62.16564100818674 104.1061001300853 71.74579437485255 124.31857873046245 99.17365066519984 87.98989656059726 61.11113940936046 153.7828446910902 119.77037620327741 128.515035846512 72.27999296602253 130.38755876705628 119.92028919407463 108.88376858174416 92.12906043687306 94.63463400440841 121.96219137013941 57.042298978328496 134.48558015585095 131.7248247885142 122.86993817476902 80.30283913441356
131.23550218725384 48.09165052632035 0.0 87.90636146742277 78.4595401248749 82.74873367166474 107.7400072453953 78.03332909860917 46.78247040701544 108.89534504678585 91.68306089769948 120.95210589382472 104.53017961719571 103.6556509766287 67.68234055956998 71.89630073510473 107.61112893131185 63.62906966188115 85.32434637482008 85.38930457149465 96.30184823565027 131.10334337190466 95.67536709452654 94.05463680285224 103.24832300537166 93.48854262512374 89.55472113190424 106.78291102440213 69.01929681833047 89.07330653003933 87.33824101851557 119.88167000099762 88.11870191146889 99.95137545135705 75.05622132740265 117.90220714435699 67.99157079973983 89.54746828241845 58.23158080987765 98.48974251262747 115.20619373194451 143.7917125743076 82.88928964925267 68.79812213515856 103.49219293328136 84.04256588168492 126.46103229162333 142.4698850937437 89.27916570300133 82.06484069525911 148.48592342248213 131.09547468124214 90.22776678544919 105.77662638261823 91.87102177348078 115.16243375731268 52.26154586502567 95.47329169732312 111.44304882581238 81.04127380000665 158.499015159011 29.12440937949303 60.61957664713536 75.19540479431039 36.665201945756095 115.0553701088684 89.18924508531249 78.61720079386518 57.767484649085254 76.37470023637073 63.75222562793159 108.34218931623153 106.37105720037502 78.13285629658125 100.03136301974824 95.18581100098413 144.43578434922995 115.59214553382732 118.95323481570556 83.35073890934098 120.89628703932704 44.08800746544132 95.53098151881338 63.75416491210298 123.06184443435738 112.50913375179621 112.03901012620257 89.01147256276367 81.44605516000895 91.25759584382041 112.82041579724891 126.14576548459202 97.44001364443845 68.38563191087141 99.98376011410681 70.46766466431866 109.6586281062023 73.48129503656793 79.52703633145791 98.00436153576494
100.53546242579067 112.35454304788986 87.90636146742277 0.0 126.15847303495502 156.03065716459068 60.88160905886594 124.72402809765165 111.08103688877966 68.36867945135305 110.84633717434158 150.56791436114048 58.23158080987765 122.58622357886729 91.64302055904392 76.9708909027573 127.07158818394782 83.73364507203111 75.920116310399 126.57385739419672 132.17924438429105 95.51088504177565 78.4595401248749 29.12440937949303 98.56033266432982 128.9868712889289 100.19663576183747 119.67233689045548 86.35520566932377 100.52496629292696 87.77330576603309 111.43612815403809 154.5151197274737 132.70115611782293 102.61926583751254 85.50444969755361 125.4584060801846 90.43379750657131 83.13982551361866 103.56010707314672 115.7215823353826 102.87690446687452 100.008150773457 81.05703453861379 115.12724147776032 144.43578434922995 107.57171988174399 105.9328685529051 99.62719196654801 129.78762864813322 118.74372358115144 117.99407877234457 86.00281142974893 85.70031106914301 87.33824101851557 112.95963296900545 97.62953479923766 113.09694886134523 142.57840225391007 113.34243062757807 91.0251049069583 98.00895178954612 140.34181540366518 94.29439896882015 151.36632522639692 126.71299044328552 28.732286522177716 89.55472113190424 97.90141161311232 117.62881768400891 71.01307660706472 130.62473489022565 79.90918481461858 102.22106302722668 144.06263613932515 106.36005993767353 112.27467433172612 94.602646162204 122.77150213208486 34.98638634966569 72.24138202117445 103.63972564561598 86.41193506665819 115.80028565029194 99.67688270485789 53.36848401075671 64.82274917184739 102.52032387275761 138.55037154722294 99.34177660075572 74.42600878375016 97.148426827709 82.24935984793353 148.27797270621846 158.499015159011 117.25238110950954 101.11141410086431 103.68236521907954 150.56791436114048 104.08768465779579
108.44306578016716 119.1368210176798 78.4595401248749 126.15847303495502 0.0 118.49046304097097 105.74963351911688 143.1598279364677 83.51746755417972 100.2145834016849 73.59020394573206 106.1601398545902 89.7234994898761 130.46018019696476 59.93002483998655 55.49317770905135 92.93750526425494 119.51225932403678 99.98376011410681 66.99915226132529 107.48269746563105 96.7773695798309 132.54495366614657 73.21414709809585 92.20804910581751 67.5916634501028 110.21912571753619 109.09322424796788 120.34462960369287 92.23325706211702 149.72599083285291 137.92773046605384 112.27467433172612 144.03155910092505 93.6453433320627 76.70269388091782 154.65708140986112 73.77265475478947 122.86745636812095 114.81631706882916 115.60088720757204 120.95281442256298 118.97902651176265 124.7565209691104 133.1775524556297 78.70263650845196 105.33738997253333 66.74532545344272 128.33043607449514 86.83523947584392 111.50167827563934 127.8980133719213 112.7279316733524 109.61588830003443 107.18046989957983 139.16583840916667 96.30626106050546 44.95199768427952 92.48736108823874 96.9913299098372 69.90881193239211 60.63649891245554 91.62169096860423 121.68531426750842 117.0994773817533 100.81771735699847 86.41421804426153 114.29520147333884 133.35559646248234 46.78247040701544 115.76756817424973 122.77150213208486 59.4370021628559 106.78291102440213 100.62062367821554 87.04524547452984 117.89462481309053 98.56033266432982 125.74752411370572 87.04524547452984 90.87518230249668 78.87476698236614 76.02249667331381 96.3259032985689 91.96800078627324 52.58444423199764 66.21848664323382 87.25153188194338 76.70269388091782 119.46563234198167 179.40777774387536 97.34521381138569 111.90337847613398 114.7309407062138 103.85418133185577 67.25702053875312 107.0164907086164 97.80569366517184 114.25451801673987 131.46423495897648
54.644725887331894 126.89698791769273 82.74873367166474 156.03065716459068 118.49046304097097 0.0 74.22593632962344 79.06305526537112 109.47816948913781 44.08800746544132 121.00282781900353 123.04798622699941 98.71731314549649 111.17651363813297 110.74720362751802 98.03187635365103 159.8248501017068 93.50109987609119 92.6107436961394 103.68963645442304 58.86570898159374 97.148426827709 80.2481282384652 106.43832539621239 103.57463595397282 79.30168617481095 85.1314305152453 102.04977572517285 88.47204600555665 110.01891121762357 96.94325445786595 94.46043719343749 36.318954661968704 102.64336500381188 59.76669834748796 88.25863204177062 169.91280491699 107.20266152688474 105.04944398254554 114.11800257807994 78.59532175061355 135.803610987946 100.20775102697174 74.42600878375016 90.3564939343314 107.62750665996465 71.01307660706472 126.78578506880778 102.18107806548059 100.17884635727438 123.47721869342986 129.00300533949482 114.03959987276241 41.76046078720764 82.88928964925267 93.76088585689978 89.77682871543469 84.09564344773676 134.11215413781838 141.17931285298266 45.54531284006201 87.45469199200558 105.01816439384045 166.77278411145994 100.23329995304917 84.61829036017284 103.5153842891954 105.9328685529051 64.32696224938485 160.73836022118098 116.7406739999515 67.25702053875312 53.36848401075671 99.54569975465579 122.99071943182368 97.27683692301152 113.94190172877582 153.74113418128564 95.289240576462 79.8450421891271 62.21181313708507 95.90844502990517 87.14121931611133 94.70405922828964 127.21801463258257 56.49710037806053 102.81009088674692 131.33332525578595 64.46207584643429 72.61526870214715 105.82096331097723 73.77265475478947 145.10008416136628 95.18581100098413 99.20283130396132 142.79028962411135 76.45832121443028 123.6378481059906 62.240048206376194 108.56238916974391
62.13148185330003 74.93330879153521 107.7400072453953 60.88160905886594 105.74963351911688 74.22593632962344 0.0 83.1609717482814 111.44304882581238 147.6918981931971 94.72341925395031 123.58480491898868 52.193295254090884 99.09971851040798 96.03641358413006 97.21977528538564 98.08067944782819 117.9402074812049 101.3933654436114 29.12440937949303 100.20698559767858 110.3452892569357 69.13476636845782 117.42128485728898 107.27192893002551 67.13194110029966 51.73858590970929 95.85861968030537 88.19240382351856 62.02632435217076 89.328453210899 100.28125024889437 125.60993694719211 55.80807187654088 78.0404764694214 74.44062296549886 84.48460689477865 63.28149124732785 96.94846056463699 110.04216330949923 127.94366819933397 75.19540479431039 142.32823611699 90.3927620121556 93.69842134861737 86.41193506665819 115.76756817424973 134.95251443415623 93.13723195550321 77.01339056754621 140.17356373829296 88.3017923906644 121.61866736114075 102.64336500381188 106.9382952220602 89.63729128808018 100.17942116414442 149.0601923998969 98.71731314549649 82.68194378020817 75.37662104136156 100.93471462320726 119.95777834069513 92.16379097424435 81.70501342138287 49.18172491719979 115.46323999338654 120.21665430759609 66.96540564020592 52.09324012657815 107.57171988174399 117.41442545010177 105.43050367541696 76.76698595681302 89.27916570300133 81.55613095534359 79.36822955546226 104.04364623793509 117.33965394327568 90.29957662247135 124.66801177297577 114.03959987276241 107.90203864144482 95.24360098654091 108.72883887465923 86.44072169778227 154.89016701223278 90.44730916878075 119.9751105547875 51.869917959175055 107.03452253124152 74.42600878375016 58.23158080987765 102.67856269118514 122.98545855266507 74.9932790130959 134.7099831496757 98.54479690278687 138.0002427059429 116.99181574610395
96.42058411167777 82.36701736049511 78.03332909860917 124.72402809765165 143.1598279364677 79.06305526537112 83.1609717482814 0.0 120.20176312622952 94.5182869363029 57.9452155603545 58.95621317659159 59.563246995337686 91.56098705006158 112.35290145447611 81.38776891344932 120.67409508199532 117.9643540602151 150.1456064088956 92.72623731254491 72.26247184836112 72.61526870214715 98.1503193291881 81.05703453861379 96.23775764209476 69.1389024187169 131.903279418213 95.56577432408751 144.42570856394934 57.058495977304744 68.82903494371814 102.15380470645616 83.73364507203111 85.371884931718 135.5170013837615 98.83915288024573 45.47617010543101 110.21543448098546 101.98974051877244 105.26836521719876 96.64007352732833 70.39646575227138 74.09080543670977 145.7546386942546 139.37373210918986 79.79864877430705 142.31822692036783 88.02560296600552 150.1456064088956 121.17832288809144 10.616687414837841 99.69401811929185 96.3259032985689 113.28200610606322 91.43462145809883 100.91519056579695 121.17832288809144 78.64674828798717 130.6068510093091 87.98989656059726 149.56925478058056 100.63392406558266 91.79342615353633 167.32234424134992 117.25238110950954 128.06254534999576 84.51585688452245 133.12080774276592 90.053105126356 126.87027043383337 125.4584060801846 80.2481282384652 79.17391656511715 118.21965516307893 71.92143553048967 145.4339295677476 128.30418446457114 145.0326601356532 92.66812609452893 104.53017961719571 92.8076344616504 103.69291351067139 145.75199413243624 107.22941953257967 139.4400590022667 105.70729016498827 105.80411610952216 119.02879019256541 110.72869514237762 101.20525186047462 133.35559646248234 73.18296673664817 120.95210589382472 83.48817076283606 97.38670362891688 87.50480007532278 90.2103723488707 78.13285629658125 120.59156566985911 145.90278964529566
104.04651849167801 55.80807187654088 46.78247040701544 111.08103688877966 83.51746755417972 109.47816948913781 111.44304882581238 120.20176312622952 0.0 108.97735824981666 44.13339003549247 133.89790500201354 133.1775524556297 107.89061392031728 61.25333253448839 102.60326162138925 77.91627177989206 92.56908550929576 115.30478506598047 69.9305381010203 51.93715609989166 122.11827501131027 66.10469627816624 125.60993694719211 98.71731314549649 78.03332909860917 92.23325706211702 106.43832539621239 82.390054564638 90.3810162623223 108.88726853554837 81.05703453861379 86.38939846225477 82.43086536813627 100.50003456521863 154.5413724267557 132.35639350160136 56.41179912840074 142.57840225391007 100.17942116414442 58.95621317659159 66.24801435268432 91.96800078627324 91.30681265850029 112.03901012620257 73.34665689025688 96.52742408076736 118.9670600762436 80.72556068678001 86.78508095587586 125.88356213160414 82.4953793288997 97.38670362891688 110.78803154278917 112.82041579724891 79.92959582636333 105.07990423114232 142.4577188433626 74.46546081327307 131.64562427981798 96.42488633394228 90.75501234718145 64.47300516044204 80.47123318473344 130.92395012502612 79.21700878771503 75.84045914784355 102.72003328127055 95.67536709452654 84.96082541120234 95.51088504177565 81.55613095534359 89.328453210899 102.61424705099354 119.1935058124054 100.6974082255885 125.05481509214462 125.4584060801846 82.74013383951228 92.66475493706068 61.11113940936046 122.49582851634368 101.3933654436114 107.48269746563105 82.16809014570649 119.4806272104927 127.3400351895444 83.35073890934098 116.47456480145352 127.95708746942356 102.88411552009671 127.3400351895444 92.6107436961394 91.2399611764674 122.30342333774536 82.63556970881918 95.86557040505579 92.80874619626546 90.2103723488707 94.602646162204
158.499015159011 91.25759584382041 108.89534504678585 68.36867945135305 100.2145834016849 44.08800746544132 147.6918981931971 94.5182869363029 108.97735824981666 0.0 85.89186862318289 79.60874551274435 147.58365197791596 98.71731314549649 103.0977841372181 84.09627924509074 131.903279418213 124.4812297420581 118.87552731358224 73.21414709809585 73.77265475478947 105.61955949370554 151.36632522639692 92.66812609452893 90.93281667563637 115.34362914107014 71.36820762569255 110.95936621549399 122.87239947658588 123.55853411572365 123.58480491898868 80.33668762437682 79.12129732807192 105.29276093899628 90.0554007135056 93.92538776262698 118.0624817766346 100.30869710855242 124.57166005322772 96.3259032985689 130.38755876705628 105.9328685529051 35.543062896022164 130.84106054111672 44.5048557236739 82.88928964925267 74.79467728997433 39.74252101299124 34.98638634966569 104.17555295926554 110.46338601262262 99.99047630344731 75.63318198414017 51.7079919083114 99.09971851040798 156.03065716459068 82.90807886826694 124.67395559428431 101.44313159480487 137.22351989302683 94.33432308745525 95.24360098654091 111.77836665418711 129.48258726661658 109.72826602871916 118.85694411782463 96.39406429579694 121.36428790583801 69.06377577559424 97.6440868599534 153.72810418907437 113.30169547804424 93.85198241788957 80.47123318473344 124.31857873046245 143.9390750666025 97.45567634506524 97.62953479923766 112.05637828748708 108.89534504678585 89.77033320330264 103.85239690834446 81.08921337032984 76.45832121443028 67.98742594636616 97.34611738307039 84.44096673124396 132.5197843075698 99.04157629262389 118.9670600762436 80.79220454823158 80.1190562905111 106.1601398545902 82.88928964925267 140.6364726645546 108.72883887465923 89.4712953368183 85.38930457149465 85.42969135648151 76.70269388091782
86.18913173069258 101.08450446031985 91.68306089769948 110.84633717434158 73.59020394573206 121.00282781900353 94.72341925395031 57.9452155603545 44.13339003549247 85.89186862318289 0.0 150.56791436114048 55.33571892263197 125.6657070212831 107.06697814659672 82.16809014570649 103.6556509766287 92.56908550929576 80.23156962200684 97.51252427471 109.46903178724574 111.72306385375649 117.48611372971828 100.66950436510054 124.31857873046245 134.11215413781838 100.25753223360377 69.21331494365256 94.01708504330897 88.25863204177062 123.04798622699941 120.95210589382472 70.44178006755506 83.89619496210702 132.01655142497492 91.17965666952279 90.74891860566716 106.16440051949422 99.52055919056693 51.38163375114162 94.63145775642148 77.91727455103683 118.85694411782463 52.193295254090884 145.03058849287407 145.24111431529496 112.50913375179621 80.90313249142292 114.36226920623201 139.80114258689179 105.76738408497677 75.65457321481239 105.70729016498827 80.88545390286794 108.79178887686568 97.66559128185953 45.07852248212863 129.59342398652717 128.47106118534325 105.76738408497677 125.4528817027179 87.21120405016765 108.9057568618605 91.66989402859292 119.67233689045548 79.83483037800453 103.56010707314672 80.45865579830101 104.46826146085901 71.47131678727074 82.58209542293183 97.53645083135001 109.47816948913781 133.9926494782511 120.49026883910756 120.09904182276289 92.8076344616504 100.1253468347734 123.12256382443158 116.35891794058107 78.4595401248749 87.76042787205063 108.89534504678585 71.01307660706472 77.116905035804 110.01891121762357 95.07498338224143 89.5812788705306 100.24413838803848 95.84859901197747 93.32483397739682 106.9382952220602 69.42322631045731 91.02121734480669 82.1916845915779 106.73635945070588 72.62685561445986 142.57840225391007 134.1496917610279 93.87982958252644
112.26385338163797 86.10467800804749 120.95210589382472 150.56791436114048 106.1601398545902 123.04798622699941 123.58480491898868 58.95621317659159 133.89790500201354 79.60874551274435 150.56791436114048 0.0 81.08921337032984 59.43618654939608 84.09564344773676 113.69948657425299 90.29957662247135 142.1436152133819 101.08450446031985 95.82388014348268 97.95910729760436 138.9522557273221 82.1916845915779 79.60874551274435 80.90313249142292 104.53975392823507 94.69967155118964 145.4339295677476 101.49015820740584 92.00532564947844 95.64683049291105 107.42890232367802 152.69319559996075 110.3333305035924 107.18046989957983 75.36382244720015 118.0624817766346 99.17365066519984 122.99071943182368 105.43050367541696 128.78910919149308 113.242044781104 86.99421310264717 110.97891422317382 131.75760873490532 133.78846346829158 117.01842099277177 71.92143553048967 118.21965516307893 128.38212222058382 110.98824971906497 69.21331494365256 54.990504944424856 135.54215211286305 75.37662104136156 118.95323481570556 130.16221913205385 53.059021930896215 95.289240576462 97.80104711695441 74.36768439651294 120.71282790102485 130.71528170852366 113.94190172877582 117.1370161760256 78.13285629658125 101.68528102278187 92.73394096450747 120.75827305815415 70.39646575227138 75.19540479431039 94.76691311986272 74.9932790130959 78.59532175061355 120.85443128356678 99.54569975465579 85.42969135648151 43.806183691394395 120.33803838090472 141.53254207990315 125.4528817027179 108.25597023292457 104.80201700185792 138.6984141844846 89.27004882392369 29.015374710773784 106.43832539621239 149.99471165162495 66.96540564020592 103.5281857531347 113.28200610606322 119.88167000099762 122.37741779808424 115.7215823353826 72.71348961273101 113.01401480549472 98.89636486684854 132.54495366614657 87.04524547452984 66.96540564020592
105.41693396116537 107.7400072453953 104.53017961719571 58.23158080987765 89.7234994898761 98.71731314549649 52.193295254090884 59.563246995337686 133.1775524556297 147.58365197791596 55.33571892263197 81.08921337032984 0.0 130.4277791263822 95.82388014348268 128.59864474851315 141.73663077140668 106.16440051949422 72.62685561445986 150.83222490687405 119.11533667844586 134.60770372208913 97.80569366517184 75.63318198414017 119.02985232057587 63.00922718675532 110.88271743944934 37.62820497635575 136.10732200740367 105.01816439384045 84.89085484625168 80.45306187779927 56.172116805851466 134.9073022494669 110.49209141109921 45.47617010543101 82.40914566696433 65.88279233265615 73.59020394573206 86.71142554201242 138.3532141433094 71.99240083672834 97.56229982607779 120.59156566985911 81.67683153328142 110.49209141109921 120.81736502261435 94.46799570570926 122.98545855266507 119.46563234198167 96.4444833802823 79.8450421891271 150.36592613726953 143.27576174887545 72.71348961273101 72.27999296602253 123.21981955658977 120.85443128356678 103.42087223977103 115.3708558599073 76.56022120158804 106.77194075227338 80.984813428446 135.73419662324244 99.67688270485789 110.02375475764774 93.41717237542855 135.95251690833774 120.49859927035581 88.38913489178142 82.7726998358626 102.87690446687452 66.23506344482033 128.8504958578884 80.57386704865057 89.21578332114203 107.37840023546634 95.90844502990517 127.44603857874361 120.38823823162534 107.42890232367802 91.32902805754675 92.43784207388424 136.16164415273457 109.18377992554267 131.63879779796076 102.60326162138925 90.053105126356 102.8351041058236 91.43462145809883 118.8938084182202 97.6159388917905 80.51331699081743 78.9495986664526 72.62685561445986 119.02343072224832 75.0631047912612 112.5261908533592 103.0068756435599 129.82848932637313
99.95137545135705 88.31720496221574 103.6556509766287 122.58622357886729 130.46018019696476 111.17651363813297 99.09971851040798 91.56098705006158 107.89061392031728 98.71731314549649 125.6657070212831 59.43618654939608 130.4277791263822 0.0 115.63051324278676 110.78803154278917 83.77379378985088 106.5581592229596 112.03901012620257 140.8889420554739 89.50130577382902 104.35092035541354 99.79292734129439 92.23770823475662 91.96800078627324 90.3927620121556 120.98109047895743 109.6586281062023 107.9842085039644 87.33824101851557 131.55033450935593 113.25160549289393 80.1744963213337 158.499015159011 79.79864877430705 81.87490818856193 28.732286522177716 74.04423888255576 132.6163337835291 131.63879779796076 96.5970571796165 101.20525186047462 106.49263525885243 126.57192513235763 87.25153188194338 95.64683049291105 122.77150213208486 80.3279816144909 46.78247040701544 90.2103723488707 128.17448557986359 96.94846056463699 113.53708230782584 124.7565209691104 104.23250655830685 115.59133312548668 122.45957818209814 91.43462145809883 135.22159288421403 100.62884035739614 100.24240288754774 131.23550218725384 150.1251414342571 60.40658051523721 90.33949835655834 84.48460689477865 108.27966111220897 77.116905035804 148.39799408528467 92.69802888164259 66.74532545344272 51.1349971914268 96.7773695798309 89.1605823722837 118.68475815614995 139.4400590022667 101.68528102278187 100.23329995304917 81.59088889362931 90.18473826362751 79.63151174974857 41.76046078720764 74.11635714439556 91.17965666952279 119.96164426850731 112.97486060972034 99.98376011410681 105.46515000747273 115.0014232239604 102.22106302722668 120.71282790102485 74.56577273767125 112.7279316733524 93.06911979004143 93.85198241788957 103.88001970592711 107.44144202785691 91.31860146015812 105.43050367541696 97.45567634506524
91.08425483639107 92.42870653790266 67.68234055956998 91.64302055904392 59.93002483998655 110.74720362751802 96.03641358413006 112.35290145447611 61.25333253448839 103.0977841372181 107.06697814659672 84.09564344773676 95.82388014348268 115.63051324278676 0.0 124.39500149173381 85.70031106914301 56.172116805851466 123.32912723235432 72.0184798719865 42.254084679730084 108.56238916974391 78.37619884335788 97.80569366517184 141.53254207990315 96.78569294750177 100.6348418990336 123.6187913973349 60.88160905886594 82.390054564638 90.33949835655834 134.60770372208913 117.25238110950954 77.12218118586428 67.40282259175552 92.29389339883919 104.35092035541354 91.2399611764674 76.38630572047617 51.526963200380656 80.13045449017426 88.76882114685901 160.33544660632782 93.6453433320627 85.371884931718 57.9452155603545 97.19371498462431 140.47239619753017 91.26435068227451 133.25146736661156 105.82096331097723 57.042298978328496 107.89061392031728 111.77836665418711 145.24111431529496 82.7726998358626 95.76834369649855 71.36820762569255 97.62058279253942 71.89042496686564 100.81771735699847 118.21965516307893 87.13709662265894 92.69802888164259 119.46563234198167 128.17448557986359 91.02121734480669 127.21801463258257 129.59493554190763 86.18913173069258 94.63145775642148 89.82363714405295 83.89619496210702 113.23101381564126 135.3042917843794 101.0084433568651 96.82112966747262 134.9073022494669 87.25153188194338 98.29276246326695 87.33824101851557 78.03332909860917 138.55037154722294 104.53975392823507 96.02569924603962 130.16221913205385 95.47329169732312 125.4584060801846 95.93042451373819 93.53011934698499 118.74372358115144 91.38538953813847 74.79467728997433 124.54639843977833 118.39556846622169 72.0600278700415 130.61951688446058 139.16583840916667 87.21120405016765 82.76684996466409
133.25146736661156 71.06838172588375 71.89630073510473 76.9708909027573 55.49317770905135 98.03187635365103 97.21977528538564 81.38776891344932 102.60326162138925 84.09627924509074 82.16809014570649 113.69948657425299 128.59864474851315 110.78803154278917 124.39500149173381 0.0 121.59260417756593 123.58480491898868 102.88411552009671 104.54816841069653 86.10467800804749 130.52973905720378 105.80411610952216 95.84859901197747 83.35073890934098 104.54816841069653 102.66899733523508 108.25597023292457 137.2893049528141 82.25568508345052 120.05993448250587 148.81052391267687 75.94649499692265 116.19165292797575 132.25265131847823 71.89042496686564 70.46766466431866 135.44964575728926 53.964919997979 111.08103688877966 79.63151174974857 140.34181540366518 41.69246882763827 124.83435647231592 133.78846346829158 94.76691311986272 69.1389024187169 101.38838185896007 119.95777834069513 84.61337177802018 92.74396696975006 155.92938749290073 86.40712831851381 84.00103224496901 110.69567659438121 100.25753223360377 92.91592849429598 124.72402809765165 124.82638778123514 119.11533667844586 105.01816439384045 130.91160743341163 140.47239619753017 123.58165321906276 115.33204028891811 134.0147801606645 110.97891422317382 107.06697814659672 104.87060037752065 120.81736502261435 41.69246882763827 100.24240288754774 157.37476979307897 134.1057685504156 94.01708504330897 76.85054884312753 84.7458351486601 88.15732163006804 71.33307422744542 114.30558135301149 100.66950436510054 92.93768827085027 134.28658326776142 87.50480007532278 48.09165052632035 131.00752926890237 67.25959662277418 84.61829036017284 100.7247370528282 107.07574825013532 122.77150213208486 94.48630008835838 95.89259735905283 92.74396696975006 113.07554070591569 96.80772756249489 68.73718633443187 102.72003328127055 119.95777834069513 133.9926494782511
131.09547468124214 75.19540479431039 107.61112893131185 127.07158818394782 92.93750526425494 159.8248501017068 98.08067944782819 120.67409508199532 77.91627177989206 131.903279418213 103.6556509766287 90.29957662247135 141.73663077140668 83.77379378985088 85.70031106914301 121.59260417756593 0.0 150.63544451324725 115.12724147776032 130.38755876705628 84.61829036017284 116.19165292797575 95.04786915578532 100.11468211788622 109.2528147599645 110.0064722343298 102.22106302722668 83.35073890934098 89.27916570300133 107.7341336438134 116.68552072827849 110.43366381677816 138.9522557273221 65.38975909095367 113.53708230782584 81.70501342138287 122.92878762333895 108.97725896440448 105.97795336586906 116.14609770511876 79.21700878771503 112.66090190217528 83.58468881617209 69.21769788634808 134.60770372208913 107.62074854892512 128.17448557986359 148.27797270621846 109.08716204426436 107.62074854892512 108.1733615845342 100.25753223360377 96.3259032985689 130.22434067747855 77.83906958868243 124.54639843977833 93.13723195550321 110.21543448098546 90.87888994386006 93.87982958252644 97.21977528538564 97.40342686075502 79.80524775467636 87.45469199200558 100.52496629292696 137.4657943391509 66.21848664323382 51.50520202279134 113.242044781104 82.24742965027593 90.65542794532243 92.66475493706068 81.76808458401342 115.42951510578986 121.99818357811246 89.08646549526435 132.39052005192195 71.3699096094529 110.71122173126354 81.76808458401342 140.34181540366518 115.43992367997565 94.29439896882015 97.95910729760436 121.81555334735505 137.9281093377145 95.53098151881338 175.9484475511376 89.71805088188208 110.49209141109921 97.6159388917905 117.73419656692641 107.25627125273142 80.30283913441356 99.0051328856616 127.83279977837623 92.0932365738528 110.72869514237762 100.24413838803848 89.47864944088853
102.67856269118514 115.40831237175274 63.62906966188115 83.73364507203111 119.51225932403678 93.50109987609119 117.9402074812049 117.9643540602151 92.56908550929576 124.4812297420581 92.56908550929576 142.1436152133819 106.16440051949422 106.5581592229596 56.172116805851466 123.58480491898868 150.63544451324725 0.0 79.36822955546226 82.90807886826694 92.29389339883919 102.84813547071191 114.25451801673987 119.9814690882247 115.33204028891811 109.09322424796788 89.77033320330264 74.47620962908925 109.60233668909794 154.5413724267557 93.6453433320627 90.15460836767214 42.254084679730084 61.2330736356376 86.76105538829881 91.0251049069583 88.02560296600552 96.4444833802823 144.43578434922995 51.3555565944721 134.11215413781838 86.78880363335271 44.25525395578717 156.03065716459068 110.27567775425305 116.68552072827849 118.87552731358224 101.5281653258977 130.15592772668293 122.87239947658588 51.3555565944721 80.90313249142292 129.82848932637313 86.99421310264717 71.47131678727074 113.97499369662157 97.27683692301152 78.36415450113151 118.39556846622169 131.78911182389868 115.1033212524821 110.78803154278917 76.2335411478146 41.988368968326284 98.37974930523713 142.31822692036783 92.2802517182395 92.2802517182395 100.3779126424273 65.38975909095367 121.08882144318852 122.7946611173548 116.47456480145352 157.37476979307897 72.784661606373 143.9390750666025 107.9842085039644 131.08337739756465 88.25863204177062 88.90119159308067 117.41659739178716 103.5281857531347 71.74579437485255 87.04524547452984 99.62719196654801 131.00692723522127 86.40712831851381 89.328453210899 87.92956497791681 120.72456665560212 102.83306197349286 91.31860146015812 100.1253468347734 119.86967730928738 75.05622132740265 130.84106054111672 64.3301621087037 88.31720496221574 101.49015820740584 137.68468887537125
89.22500331020922 86.66505891246108 85.32434637482008 75.920116310399 99.98376011410681 92.6107436961394 101.3933654436114 150.1456064088956 115.30478506598047 118.87552731358224 80.23156962200684 101.08450446031985 72.62685561445986 112.03901012620257 123.32912723235432 102.88411552009671 115.12724147776032 79.36822955546226 0.0 60.61957664713536 82.90807886826694 82.24742965027593 10.616687414837841 101.85695668501371 107.61112893131185 106.13768078959694 98.54479690278687 138.3532141433094 106.77194075227338 110.72869514237762 55.2582454323806 110.97891422317382 135.5170013837615 128.56624754221974 107.24142809095119 126.55569255995965 113.01401480549472 120.18737020714548 105.74963351911688 123.58165321906276 77.34229686781181 95.03313472496065 117.14788654288932 128.56624754221974 71.51518221162365 143.76448017474164 127.83279977837623 96.5970571796165 106.43832539621239 99.79292734129439 83.1609717482814 110.11766737581002 149.6398053627869 54.974609501855504 77.92292075555874 127.12322803984291 80.1190562905111 139.4400590022667 114.82752319996936 116.35891794058107 112.66090190217528 137.1600511217283 122.37741779808424 102.88411552009671 96.12705439509902 99.61628037649636 123.17134136198185 64.68080618592978 94.8966105065687 104.29865673832634 143.7917125743076 92.57024731210585 91.96800078627324 70.51754462074129 94.12131289951243 133.78846346829158 124.72402809765165 69.42619988556768 118.97902651176265 98.83915288024573 81.51868810183615 117.14788654288932 89.23835245807044 107.60976558853832 50.99371925794433 116.64420078144461 67.51649062655648 140.19107637957313 106.73635945070588 62.21181313708507 100.62062367821554 130.15592772668293 92.32674735075835 95.26000323007464 93.68702811446897 89.22500331020922 135.36285331886538 108.5733357425941 80.72556068678001 97.45058992446772
82.24935984793353 59.76669834748796 85.38930457149465 126.57385739419672 66.99915226132529 103.68963645442304 29.12440937949303 92.72623731254491 69.9305381010203 73.21414709809585 97.51252427471 95.82388014348268 150.83222490687405 140.8889420554739 72.0184798719865 104.54816841069653 130.38755876705628 82.90807886826694 60.61957664713536 0.0 83.94167885440967 67.93209690876782 84.02639907539341 82.76684996466409 102.18107806548059 115.43992367997565 100.6348418990336 73.34665689025688 137.1600511217283 45.806894583500124 103.31213456266484 67.26551822238397 130.64938123816927 119.83321591546706 85.00009764154636 130.7184426972132 91.56098705006158 35.543062896022164 107.85068167495831 111.02796961256868 123.6378481059906 112.05221603063981 120.21665430759609 140.69396080426623 118.9670600762436 85.32434637482008 136.9818261916919 55.901899559881016 103.70525052635196 67.98742594636616 52.343117574673514 78.76942423343057 53.059021930896215 92.6107436961394 121.32231292070111 92.69802888164259 68.4807586455047 112.52190499205224 75.62920088325717 132.72742756033716 92.39195802071866 118.74372358115144 108.01346337904911 101.3549309870213 78.85423462843679 99.98376011410681 83.83258397761486 138.55037154722294 128.59864474851315 111.3795962716357 113.23101381564126 113.26060512492234 92.20804910581751 89.12031489652746 122.74900006832283 92.68309091561844 99.99983160675535 75.94649499692265 159.8248501017068 90.33949835655834 67.68234055956998 79.17391656511715 108.53752387820849 98.50875462389642 110.69567659438121 135.22159288421403 106.84241097530906 51.89694632290875 82.76684996466409 134.31920134637863 101.5281653258977 91.96633514382737 129.2274615149754 97.57038159111552 112.35454304788986 112.27467433172612 122.73772900316308 135.9072179092142 109.18377992554267 123.55853411572365
115.0014232239604 101.14353837966473 96.30184823565027 132.17924438429105 107.48269746563105 58.86570898159374 100.20698559767858 72.26247184836112 51.93715609989166 73.77265475478947 109.46903178724574 97.95910729760436 119.11533667844586 89.50130577382902 42.254084679730084 86.10467800804749 84.61829036017284 92.29389339883919 82.90807886826694 83.94167885440967 0.0 112.96202495275875 139.4400590022667 99.80526977849442 82.74873367166474 66.21848664323382 110.04216330949923 103.19870851018314 79.7033459743275 104.46826146085901 64.33979916528806 103.89457296468778 107.06697814659672 108.3816062107756 117.75742125078598 93.42272632633501 90.35079629708255 183.6327560690964 121.44065560941436 54.990504944424856 105.57737819364226 99.52055919056693 96.05455112700164 112.75661141047493 114.36226920623201 88.47204600555665 105.41009901074199 106.0406976883164 91.62169096860423 135.3042917843794 55.052500200255885 104.42875201250989 64.35154759440798 108.86578789258022 99.00564339144248 103.88001970592711 92.13944858509295 120.34462960369287 90.76138596578592 96.61374929406014 86.98564226210101 115.60088720757204 42.81254479508528 100.32247068586561 105.66559187466025 58.86570898159374 151.00605120112738 126.70247042838892 103.26981957928932 115.63051324278676 134.7099831496757 82.79563321716668 134.61468505709792 111.30161886531499 126.99871123249567 117.90560259786966 131.00752926890237 35.543062896022164 106.5581592229596 89.33471409240816 76.45832121443028 112.09470990010406 121.73147373714295 117.75742125078598 96.42488633394228 74.79467728997433 97.80541286579614 72.5887198839093 68.82903494371814 113.28200610606322 55.2582454323806 88.99357654861267 63.62906966188115 102.54321221465749 122.92878762333895 95.3159784993609 138.9522557273221 132.81383224979132 96.82112966747262 133.25146736661156
