100
0.0 95.59750325071704 129.4597407819375 121.89677503630728 104.39217034712614 89.54770145102422 73.58666505981532 94.72814348652093 90.32980417056609 86.90619621097254 105.45253024091107 88.21664332416941 113.60762465847588 92.47106751947821 109.25254591998586 111.72986383392421 95.59750325071704 63.76937680871286 109.43575666324827 112.39672775496561 104.71288792488559 96.8914884183144 82.91797210616875 104.37534906764174 163.73708162673228 122.21957851634775 108.04452730212212 148.25804839661708 104.26186806546089 101.62618162895977 58.27893210657681 107.70421665004386 97.002659346245 111.08946835537233 146.76707881793698 138.40671457118444 82.21741923671942 101.4205970633853 75.7057978937849 70.83754456807623 120.2380262189109 78.1256857250836 127.33720069789186 123.5512202324138 70.38214530647934 117.3228523413336 64.82590122115121 87.77649106282473 58.166681722143956 77.33513348844001 124.86708067570146 99.2857715329909 98.58423708014041 92.399568316027 79.70500437127937 129.71617036941237 112.44111461283435 105.56925868272327 87.60036299831847 104.02481577213572 112.59815418667279 92.26884017164684 64.33021985621615 131.54671920561637 52.91265073756802 98.50575973508367 83.96229384537568 86.874329442923 67.39000126067702 107.82125683365066 147.4978781982013 102.79993406807505 152.89502294170697 87.44455522434396 97.28175707464375 123.51416591695599 140.7464600977519 112.74184787554444 113.00406326687573 104.34188472091782 104.3303384411777 51.21275706281586 84.0109012726222 76.16309764114095 56.04185857971369 111.88476139893943 112.19762431277783 118.11672460130595 109.47168178129893 84.96736863423617 96.71131675363314 109.67561247680146 93.10802191447976 120.17814269075114 70.77662347071983 120.57047777426197 91.10484910128181 130.57457071900117 88.63197698486657 79.14012208497606
95.59750325071704 0.0 118.4324524244 105.30941737469762 135.2597118982342 102.5627871985213 133.4940531890987 53.038752612788606 109.97306966974013 130.7120788554533 116.92016661958671 133.29565838677172 59.10372145960568 83.82733547829551 118.88384964321065 126.68329434336727 98.16007141796058 128.28238468345552 58.08391231800293 105.69458818927265 95.02193538758351 50.025961890785126 116.42471583484843 114.65037321795172 111.60128728431462 58.47409705943695 51.31004610193614 117.10626355002418 140.16727906293684 114.77068887293882 108.58038248181164 144.44630454806526 72.80082043869284 114.4854866061312 88.46473753746913 74.95034265582217 87.9517173156612 98.07339800490796 118.8631396204736 134.72157389804005 114.94805629460792 69.46256334144803 76.33306858515346 57.76900404003814 104.04390063518824 82.52586722810092 95.61912266452204 104.03385671290404 93.3794205329028 91.09612532709315 128.9808942767455 91.24309721368975 107.31388800127563 107.50343794334893 96.20052512267644 85.76224015554935 90.68536750009021 121.84861924526437 50.446788689536625 96.35058148767968 90.27505871749445 100.2566506007369 133.5478875799295 65.79650954971297 114.20886590215679 79.4793006981556 79.76454560485722 64.32083974190232 81.02546351629834 85.64956161163855 100.40814397858404 88.61192924685359 128.39244354855447 50.296695875043355 133.48230041268386 138.2986134694575 94.23868247405285 119.11712688922904 65.06914266110039 83.11580324742846 73.35407713681622 98.7528458374612 106.14253895597271 91.78597303954442 107.30629764085052 93.27192649131024 112.28853188434907 130.57457071900117 123.90173220778632 80.5586436373327 98.63225530013816 119.05838208923355 140.92373680072035 143.73627806495142 105.04528578870716 165.4359516535652 109.18396229394133 119.44715280237477 88.23322772700833 121.49704359565214
129.4597407819375 118.4324524244 0.0 72.29568105984326 113.9571576754483 79.97031120403643 129.89724903252795 90.76160190913868 113.24381651014383 132.64110834159175 109.9324874965487 152.77053692406173 95.32271476118662 121.28395759254047 57.707972781494135 94.45197239809482 104.19062052827564 138.43222554477092 110.24826439001313 120.60036094547965 96.51789530945592 92.87856332923474 148.69161545695545 111.3016149702272 87.23351972338247 119.28181119830595 94.2590259788865 74.82176173354483 118.88384964321065 58.96646371195742 103.31402377035677 123.12539481884649 136.93736712887377 104.52689759762684 121.58817818757878 102.15904123526498 72.26088132531541 97.90129912623274 119.4708995601895 104.2081422078653 76.71391850448624 101.55966694069554 81.94248841148293 81.39110601950699 110.63679686149236 89.80133255285135 86.43027879843933 83.9358685825915 90.32692485010928 97.0336922442077 102.87585241980275 88.08491549992071 157.1161685375472 112.28691578007542 70.20330612161246 90.27775956910409 103.75235805532157 112.00006569785099 128.63871349231385 102.96451283127901 112.4433429789152 76.70399191283182 107.54667888510762 125.8235969376471 124.2356327317432 114.42348228575347 99.20345551034369 122.46080764213184 121.92914655149414 88.68187546432392 145.8737504363469 148.5109263189653 126.24295199915662 77.33513348844001 115.8159945628197 110.53178486350492 98.2500279360523 88.27997263890532 121.21038668875208 109.82846531041481 91.66833240834323 69.09851017931166 120.84799825882999 106.14009857084204 77.24293112168002 105.04669391047115 81.79329695029193 111.86961490361195 76.40601842730605 72.67038338582361 153.902011240355 95.02193538758351 95.25817653185408 103.58929497649908 128.75591970553808 52.22425497556837 78.89803628030509 77.01077809477513 121.34045911419861 150.77461917343598
121.89677503630728 105.30941737469762 72.29568105984326 0.0 132.17921133247634 107.37999897734528 90.85875465143063 145.73099535234348 86.14158753336406 88.59695512443524 151.5563374258123 69.13672959212948 96.93516352921571 134.7997272880919 96.28211469947516 95.27817770451512 52.20713599248176 53.186552862644696 97.33375439264938 97.94895736340038 59.42070677356171 79.05411144485737 169.0152380175418 103.39906665226792 132.58392141786615 100.49452991376397 87.48876976525969 104.7024579595656 54.7260701243456 96.37418508762028 126.25010589430995 115.85002797312119 119.65801501683549 91.73033838458693 134.87299778465228 123.53352288600183 155.31451129925003 103.98208392730726 70.39798810097261 110.04488693579222 59.88898349421615 110.32798329527901 106.70154345981507 108.22591559576435 79.16423462026756 65.75653727832577 79.45474866809678 74.2141993177951 128.8703659037867 117.6391169718168 73.8634621308151 115.95628608170546 63.33830497101555 60.24708831068386 100.30400678240153 68.4778450948932 84.41974050535565 125.41879521277357 96.7031531753561 115.3239090467842 110.34019163040105 122.32401768213875 126.02771237868171 109.29380369048944 107.30752238619581 156.25934566749928 102.30843558964979 75.81640851225333 86.02328020614144 133.94989752877186 96.07247425635236 63.508915347245384 96.71446633263986 64.4333931947462 82.385354139772 94.76938274372928 120.6000278883021 80.72639735575169 113.10959464121663 88.68811068300141 89.34040345631104 127.49945510157957 87.07299649515113 69.65843880698247 87.4212431827871 80.20595426333365 80.43626081946965 107.14666524159486 38.662631365894306 118.35339102811234 102.15904123526498 116.6024950571349 126.77950174569575 75.46703513891295 124.72828985092725 82.15015854512714 123.5379178644425 126.88258351534662 117.20340407007994 85.41974788538634
104.39217034712614 135.2597118982342 113.9571576754483 132.17921133247634 0.0 101.904945932749 88.86352917353463 59.668181431100884 119.62535375481893 158.91228344985552 91.3388362421264 72.36225954365736 111.01311054264683 106.19327899279855 165.0384570591341 102.03170507286667 133.35325639493522 134.1729406180929 113.40765410757234 93.04658034510335 98.58423708014041 90.1270583775034 91.63331062219459 114.17078037507353 104.16880578898318 96.35236746015084 72.15341631081199 108.75981226018851 91.94670822280113 153.85862115199626 100.4630666107795 128.38179537674554 97.4477423057941 104.7024579595656 57.90148180530309 58.27893210657681 104.49970460944165 74.01253344640534 83.48596331348932 112.5814023218579 103.7624946239211 95.75393193605571 88.65683722626562 84.39953841284823 119.99378167767938 74.7042521622585 73.53777235498967 15.958484352384346 117.14940151652736 146.55647672990474 119.14701487214981 75.25298675383021 98.19721176488332 50.894555834041284 112.86091378989056 63.44524416331151 115.23301196010028 85.75934809252868 139.65099618046014 71.6501557619998 100.27997182689934 45.11041735748279 112.2280039366533 108.918644352031 91.08007939511239 67.99041155586889 100.66040989331502 121.89522258629742 64.40402107847737 101.52742024932435 125.69287571395697 94.14186273001008 86.90619621097254 126.40061533366364 121.3271904542657 66.11307598627549 117.96916751271897 123.92547126575757 114.63807063395598 134.76457897666396 119.37424601654223 140.91054073387917 103.07782573018466 126.1716427965716 79.70500437127937 116.70811731162101 65.47080469427048 53.15885680703708 105.5661387470827 114.37645429439564 59.04191366065496 95.23834512710754 88.74792472598702 90.7542750530345 71.87704213711297 126.684973054489 134.64575916295115 59.577074880519376 88.25503369029408 148.3827257099822
89.54770145102422 102.5627871985213 79.97031120403643 107.37999897734528 101.904945932749 0.0 49.81186044886071 76.71062431405987 72.47523257901128 126.89379543523947 97.74853927854178 112.11743227161668 140.39225348879384 85.55055471146534 65.4824508289996 38.194190175524255 101.16694787547648 113.67906254631112 117.89907021528504 82.54760583501766 105.29859047175093 51.14497565817673 101.7145807222267 122.54083804565074 114.78968317843616 101.8311992378564 134.46813558088263 138.40196525563806 118.06629166713222 89.48868772539522 48.214382193139514 100.40767041114823 83.62136214834081 49.211400404416636 90.22470618923866 65.14880834155511 143.19574137156934 99.69864593023979 157.2100859293087 66.93830041786808 72.9658407518869 101.50924402279556 148.37770560202674 72.59907590641681 123.57070608755069 116.30662246287471 108.23260095014011 114.0971565040523 119.05838208923355 77.82017301992514 101.52681952654108 111.2895118094781 105.93606795377087 107.12918921673085 130.523339035601 76.98358166309806 124.94037619912156 112.19762431277783 133.29565838677172 135.67062769506816 119.01224301113241 117.6701545853367 84.81201360983573 104.20833161860706 92.25711580969846 84.109337270663 70.62187254866302 81.3420763012488 86.10686550768538 97.25490282988544 54.215455648766856 86.02328020614144 169.4647794938941 114.68202731988512 114.57179696618374 71.3115949344043 81.7843014620804 78.22472335565718 106.47401382970168 83.70324066532797 114.81420333044113 130.2400418395912 73.07857357030416 107.95930619956096 71.85483370462727 100.75406521126109 101.33215081687163 108.43668599651116 68.30675288137756 124.66189058928293 71.10405436781215 118.94290061786216 118.74361854339047 74.61747839112476 114.92895773796788 113.97466606153732 126.094617438229 164.73883732741 103.13767991484362 110.78458154742711
73.58666505981532 133.4940531890987 129.89724903252795 90.85875465143063 88.86352917353463 49.81186044886071 0.0 91.18479933725132 131.1534337777669 89.70315465240446 104.6301157746214 80.90704853337294 100.30288067755652 107.84102677470423 95.40469598281635 126.17297234322916 126.95498227190494 129.13158166730378 110.77878427058934 65.42770827017758 109.22810011387539 109.0931399567553 78.33099645492165 102.05531000956043 84.72238776762563 113.55334455288663 127.78717993213115 124.57516711923392 126.45998993640458 83.44912723299547 106.81691298473132 67.30248268675635 68.13580847307426 77.78901646047197 95.25817653185408 99.20324122200263 110.21968110894895 109.49162858176594 59.10475147444305 96.9139157343061 85.1911928098666 91.44132213978236 121.75498455887139 86.19372687919298 99.22640191415108 106.02555668289499 101.44801557508185 94.92018823564541 85.29115875414216 37.38066827161121 133.14605753376293 117.10626355002418 76.12084634163034 99.48210657556099 59.5813210970029 86.98068876536988 85.58311789176585 69.65843880698247 85.97816939317627 97.74853927854178 135.0207894000335 63.88424388049509 111.18209275180894 109.74899235176 87.56389092611249 118.93739990688282 89.64070231514404 62.38141176762084 121.20178513316344 101.19712513878338 125.69579369859461 87.13379836573294 84.2920470438958 119.63641541200606 117.24727056861087 65.88172334083742 112.33080799112193 85.54830894421009 111.4529100822903 95.90450015252453 102.941060072791 63.350959227847966 54.03287439202252 91.24570291165753 61.57926180877546 103.41055909415522 120.60036094547965 112.0406674905008 95.07450519828402 76.87376141212104 127.082756545608 104.70759964850507 113.16801928970389 76.9246803441874 96.10310404205876 121.92077794542514 90.38857980326965 102.7249707182698 107.58472205844696 98.79535545510376
94.72814348652093 53.038752612788606 90.76160190913868 145.73099535234348 59.668181431100884 76.71062431405987 91.18479933725132 0.0 93.19229940384196 119.33557757774656 78.95572793277117 107.89343743211985 102.32566853661977 117.3413699632128 65.42770827017758 93.04512530033249 80.38516627195814 105.8672082032418 116.22892256894005 107.08028699286365 90.43812352197855 99.95683690129938 136.47847600187177 135.58505761183386 103.34235466046039 70.09611205452552 116.14294346661255 52.22360516794167 121.36787065674217 112.00636323802586 21.83424992623577 59.35258883172218 83.2336693535173 69.02077732304166 122.47907002773502 96.82496484930203 117.57784859636138 45.03115063235441 119.58915955705335 125.88132306158296 67.81929922411254 93.94629616425223 78.05273095258673 100.3598983941695 114.68200379867734 95.93562365642991 114.17188892418476 96.75973283151481 123.54276811972056 88.86790232727196 125.89996137510904 94.106208246834 82.05248686099907 113.06156967831905 79.04580886462023 77.19413621116317 78.81966575557112 65.58958344587091 138.2591204146078 100.8687286321074 130.8281414642719 78.36617042863732 101.70949396123105 122.01442386371946 118.48862289736971 62.12983218866843 97.50794033917933 102.84121545867158 108.66978042046932 85.17084952582908 156.25934566749928 75.02693383268506 87.76240096752552 75.62812161423005 125.9639017494073 122.64095540538858 107.59816604974166 156.3698866882703 70.73267066397167 113.70791431349451 94.56587404046424 99.55368963030604 119.63747354623564 110.91440451434653 41.11325065045833 70.27355974486022 88.50586194272259 91.00789362721632 97.93275809557917 81.06170889485091 91.09612532709315 60.01411466364548 88.33515109004372 76.40124896377057 86.59164802074687 98.0684846387724 136.34391584045363 66.37372482853277 93.83246694470304 125.51427023578523
90.32980417056609 109.97306966974013 113.24381651014383 86.14158753336406 119.62535375481893 72.47523257901128 131.1534337777669 93.19229940384196 0.0 105.90900877546346 144.36235344250997 101.66142633041399 57.046954119089904 106.99162835042733 125.73898113902662 145.47103059787054 83.2864407944833 66.28445672584824 65.13975236855262 101.36358848378293 65.51160413201427 119.92150759708656 68.48441997776274 93.08125291162082 95.35257357691464 74.19535955462334 109.15970460277947 95.33654085429188 92.83248676361879 112.57210578535596 119.91309048393919 114.6325568285784 89.61924143128401 78.95107943344095 91.44132213978236 67.94530567152736 109.6117744266628 145.8604344183924 88.67441068611305 136.7027935491378 118.46404894617201 129.22699305596564 63.51408433449419 86.25921223979016 131.8302928803166 93.57337921802127 108.84428709768069 123.48411999126019 94.23585593038284 104.13609126483234 80.33485696243804 104.4505083116398 151.6096674214225 87.15208932333381 89.5522687629798 96.93516352921571 113.52869786629334 109.93244224926761 122.44184126419236 84.53271444915761 136.0175234866438 83.69241221251727 94.08774045756947 104.24019943083835 81.22279845066082 92.65087136475606 84.27661489865977 97.06740018085746 57.67642708166771 99.57471598115222 93.94997578308882 82.01544648591305 114.58597817852282 87.99846099138063 92.04958528629408 126.10884293681853 98.74051470462139 32.15309147882506 128.00598100415783 114.7802669955574 111.80201097335483 76.66633811502601 117.68751060010915 71.16086783907629 96.3359037087031 81.89199369653227 133.2192380509879 73.91710342855148 107.23395448371268 48.73080198337303 87.78589427406905 93.18625076591132 98.34470056759875 49.20017434909012 154.897167959617 107.85335770019229 120.9223217939646 97.54218368752247 108.918644352031 49.98916091129042
86.90619621097254 130.7120788554533 132.64110834159175 88.59695512443524 158.91228344985552 126.89379543523947 89.70315465240446 119.33557757774656 105.90900877546346 0.0 91.72802330117577 97.46318296371105 89.85831914075347 101.28236008470672 85.89692988547594 92.47242801260832 66.30039991506202 90.73369210504381 99.86421984536844 83.40089327641604 89.67601047703116 108.78429759958159 118.77914575728093 135.76887113790667 107.23186017526471 91.29514082907852 92.75905451676952 94.24484740071051 138.4690493414247 141.54880040248156 139.38026447854205 91.74555902531009 88.13497143123121 89.39099153373999 111.99299478662492 119.02381443239693 107.6587531878035 123.54276811972056 83.69197985407557 86.74522806690129 89.30369369660896 103.28295758926531 126.92439695360997 98.16007141796058 93.48643891504727 76.4233898432769 184.38199426715235 127.57822427608511 41.433535744154284 133.14605753376293 108.27698632553017 73.37854494660996 129.1731508823794 49.58635887539104 82.86221081940258 93.88778014211896 103.79787996178658 99.9452181252243 70.25467164941725 104.0111658547633 53.52849684461996 87.37748483731436 97.96835756213297 79.31667138100102 94.22469715940416 88.97558766754518 117.13925807048612 123.11164307399413 133.26107686636834 97.74853927854178 83.34417794562549 84.22293299927108 71.9865386523426 90.21854335451151 120.00429053084463 16.326398320352965 77.69864905702876 152.3769397809547 96.43138649135655 109.08775769446541 73.8198320601365 110.99362437194588 133.5949157971426 112.99975157326215 111.35167855484843 69.27051688017497 123.63523101597752 175.12962130884267 158.6364593614767 138.96346890467032 94.14186273001008 144.20183189881877 88.68526043943231 112.10218801485252 93.1271751679169 83.91186683285038 81.30423694316876 71.8824945305344 91.25053983000029 61.93402021509095
105.45253024091107 116.92016661958671 109.9324874965487 151.5563374258123 91.3388362421264 97.74853927854178 104.6301157746214 78.95572793277117 144.36235344250997 91.72802330117577 0.0 82.9752389460362 108.24015678614423 96.60651888988153 89.79443233457303 111.18666775058946 170.01710177649613 58.48388427276764 120.31303752592501 83.9948157336205 93.48643891504727 67.76571760330775 78.06268771466524 100.2566506007369 149.55154688430517 113.21871045187925 77.41947981425471 77.88075739942614 73.37854494660996 93.45769147567796 92.75065460635459 80.60645864581821 74.07336098828884 77.88360346545133 66.41408097152453 77.03943783719816 144.7336167760064 103.33970760838113 138.5548002044768 71.36186682713006 115.96760923807203 130.8159897719649 115.89814043580607 125.62455224942387 105.45253024091107 46.407523630386095 121.48945245605492 62.276005172879735 88.14829240094272 81.85718550054283 119.28078005353794 102.95489594708997 96.37883495002882 63.389041938511845 118.22543734160257 109.3611038932544 143.73627806495142 105.54049921754863 107.71808289853838 82.91111194477627 61.20425719598555 77.87066359633562 111.07816412956666 116.99106628656946 120.49609921320783 86.13246325767214 112.7773266418634 119.91373347757512 91.20717368354994 86.12443568669144 112.76159098028299 85.68112292915598 96.70612460489595 95.95270062665189 119.92623661541043 67.63393959604707 107.04883924747253 125.62455224942387 114.68202731988512 55.26449525020578 56.76667422294639 96.74254764696643 91.41069140030173 102.88877367603692 172.13708749078762 83.43048669063725 78.27015126410353 76.39068699399324 142.7787164251144 117.6701545853367 75.1776833541527 152.24453428150915 73.8243298390216 129.71682493624226 107.23395448371268 85.9412909721456 135.03904752132146 143.9618371661205 117.7966988914026 70.09611205452552
88.21664332416941 133.29565838677172 152.77053692406173 69.13672959212948 72.36225954365736 112.11743227161668 80.90704853337294 107.89343743211985 101.66142633041399 97.46318296371105 82.9752389460362 0.0 112.39903739210881 134.8561817326766 110.49025630697047 142.69765273746583 66.2043134481905 71.9570367921803 99.20159104751573 132.15384458935335 126.48709918283262 115.31791011379974 68.79938503347859 107.98119019820568 93.10802191447976 93.48782012631115 81.38811715359705 149.12652618463238 90.62572126048224 97.92803474946058 82.76756584170579 77.01022601937211 114.46619218001531 71.69279822035145 84.76424968015039 100.67728101746017 114.68861746924688 104.82414906890976 55.89447112508738 76.09845164447961 98.61529626330363 107.67686325226552 81.82779387332039 149.30705297814313 80.85983958053063 96.63859823224334 107.20699459501857 119.25281384958285 100.14882860620362 143.19574137156934 97.52980418443077 151.43803392196068 133.89080119456452 76.60534702547338 118.19253928973085 71.248027934614 87.81863757531877 67.08902416485786 74.6745597605987 104.00122812771352 88.6215058634347 110.32798329527901 93.2180705638308 86.0285424810448 73.06972480440173 105.63907423061258 98.4773429545226 108.90165595395587 124.02455163600527 100.18749614167017 86.65221209038518 102.73877655859202 131.95352234779276 81.35877223612144 121.28395759254047 70.27355974486022 64.85067734865831 138.06309664466175 44.67697679571516 106.58431323511233 98.55004718721453 58.90513440914761 17.827294842721614 135.3346075024325 98.04503003992676 87.6351809597263 78.37818713706079 86.15441007164232 85.49755908563174 68.20929118367849 117.77574791166595 93.68602911770377 64.75388654533248 112.65231358518426 119.84917241303167 119.12868535363073 47.7008602458257 123.43581253637508 89.34040345631104 129.68276029823232
113.60762465847588 59.10372145960568 95.32271476118662 96.93516352921571 111.01311054264683 140.39225348879384 100.30288067755652 102.32566853661977 57.046954119089904 89.85831914075347 108.24015678614423 112.39903739210881 0.0 103.07782573018466 59.42070677356171 72.80082043869284 35.14732807523119 78.80082881218468 160.54449255381232 119.4708995601895 138.64441327246033 112.6612970445674 58.96646371195742 60.24708831068386 74.00706005859126 79.39794553777006 53.894153883691196 127.37528051508087 69.91559089078807 94.02636080717045 86.97416190159818 70.23233026634688 131.73521487876795 116.44246220475262 104.37534906764174 103.6098081826975 82.32114482654458 186.3994110467978 65.00515847826823 141.641637575067 86.40511005585851 146.7210586372742 113.00892442329912 84.35588639462804 94.14186273001008 63.48034891151257 110.13774488123715 89.33722336531387 77.76309698250931 143.00981045401946 69.85240835561368 110.0253769729045 92.10012033314668 112.29255466846003 123.03952336211641 125.92037788972426 113.50059376133123 125.54874450878005 115.79615814082584 126.27981516129543 152.55672520618543 76.93298463748502 92.24356108962691 82.91111194477627 80.19793016087948 109.56642565701921 62.89503032943882 121.40738861675885 45.308841524150864 90.8178357827657 76.51717134448563 69.89569114268072 104.30183450430216 111.16277165331975 97.59007007732998 75.23382831197945 130.87764518545168 76.11956564208651 48.278107329260735 101.34337111429909 65.73176353285083 107.02731579480312 121.36787065674217 103.52813899297813 103.91346067938713 64.83766248607947 99.20324122200263 142.08192979124024 110.99362437194588 110.9223061330967 60.068310632097145 133.79465529395844 133.50117034348128 106.6697928525137 122.67176066729473 116.75307765514965 78.81966575557112 98.2749438591512 77.98753457983662 136.79835491875224
92.47106751947821 83.82733547829551 121.28395759254047 134.7997272880919 106.19327899279855 85.55055471146534 107.84102677470423 117.3413699632128 106.99162835042733 101.28236008470672 96.60651888988153 134.8561817326766 103.07782573018466 0.0 138.41987084293436 97.28734791100894 121.86132024650195 125.25540183879883 104.88151299674432 106.09802898711133 91.95460453916871 84.53837679294396 86.60520156540649 72.17065876232846 91.59918752753985 107.36075956901239 81.55335701793022 81.95036664639989 134.5967202594964 88.57723175075596 110.11064586268871 79.16423462026756 52.31839131533488 148.29888229848584 125.92037788972426 86.24827214492127 104.65948149870836 147.4978781982013 63.3503754514462 86.82976984980942 83.47033426021045 55.06575237282631 60.271495591981484 87.4212431827871 110.63422405153173 111.80201097335483 32.15309147882506 62.61424102163007 99.03318012680158 136.31896069248145 90.97237840332636 111.01311054264683 139.7955375406445 128.71954131314993 86.40298797448818 102.26166938095056 96.71446633263986 92.26907747298685 117.41876280207093 151.90818098405379 125.68820142043222 112.86091378989056 107.67686325226552 138.61159412008934 123.09740509122109 79.30315161634293 117.68751060010915 97.94720371767356 72.74975592642619 123.90173220778632 90.8410177933833 77.05683221258677 108.49919532417991 154.897167959617 116.49576675606393 79.50329640178717 89.93081311797009 110.78663502874976 145.1722671322261 83.04920543749235 87.86695624384708 61.497637692647736 101.28236008470672 117.11812397281636 70.88336341366991 102.87912395309405 105.46735868757266 94.03550310749054 104.0323453094811 123.20927024384075 134.4680119043157 79.85207563802405 89.85637865725812 109.6108048497759 85.33169014252647 100.70609407057118 97.33727984716577 148.70867917447382 102.39468169471128 124.44631614312081
109.25254591998586 118.88384964321065 57.707972781494135 96.28211469947516 165.0384570591341 65.4824508289996 95.40469598281635 65.42770827017758 125.73898113902662 85.89692988547594 89.79443233457303 110.49025630697047 59.42070677356171 138.41987084293436 0.0 126.4761374580929 64.24129785209749 87.21184768648249 129.450028045429 110.05184281102272 109.89713200116104 109.15970460277947 76.6130818367914 134.2042728479451 99.96340630354904 78.08006803282176 81.9404669136963 132.76377858744047 97.36212810020605 65.77839470429811 83.39355050039195 86.56332434678261 69.78649949411015 74.69125794599924 149.49215359039235 94.40085581072772 134.51623634318776 109.97306966974013 52.13291211138994 109.4364570759373 63.97068174420363 104.15076751633431 87.8922781937226 56.21735400315623 120.62919359714678 80.68080370578483 96.81088213765308 110.11645313637268 169.64529779445087 73.17898156399484 75.02693383268506 70.65494064041135 102.53155881680888 123.9824621025829 98.66335566115298 121.43133976442627 118.9246066573228 149.57610722262152 111.93693518967038 120.22856125583539 122.34872591805691 100.00637108736683 82.44587227496662 104.08557807680283 115.89814043580607 135.77334036599967 95.34440870061782 121.55553431338198 78.36317346969975 85.73298711068946 100.33738655240384 115.73897807498679 91.6396288311813 74.86810375880926 67.48292066239645 99.69864593023979 108.08937133524334 108.39955074983814 116.2150133841661 79.63127851074073 92.41050083435964 104.32093971134145 62.38141176762084 81.54968075039254 72.66424454318131 97.76639817811449 110.55641366437585 131.8010978002708 112.57160136913782 96.65210848832703 125.11289511726228 136.7027935491378 96.66429380321122 115.39867137239857 86.96044169717854 66.2683352564224 91.09405269776138 104.0323453094811 37.002816664402424 120.79275931390126
111.72986383392421 126.68329434336727 94.45197239809482 95.27817770451512 102.03170507286667 38.194190175524255 126.17297234322916 93.04512530033249 145.47103059787054 92.47242801260832 111.18666775058946 142.69765273746583 72.80082043869284 97.28734791100894 126.4761374580929 0.0 75.38110930291646 108.2989164124887 93.19371057234271 108.58774843878376 138.4371074077211 96.37838539813009 99.00410253132691 82.92535830696252 79.60624336572072 90.52251711456293 37.66746288246969 106.92509107426106 141.47588563865645 116.81693283095277 81.52456541485958 99.56042629202618 78.74298647120854 108.43668599651116 80.5586436373327 77.30336627012238 109.28340482860824 61.57926180877546 112.809359003776 65.9599584694991 109.07484037358775 93.914703458721 79.19995418234473 62.01097411301279 61.89887770866807 61.05733378313033 130.69195875308043 126.80783046836677 79.64296944872139 114.37432776400298 146.59504433924832 130.0913581311353 114.4854866061312 103.98736914273246 61.20425719598555 108.54900340115319 62.12983218866843 99.2901103103274 81.24348155764775 119.92623661541043 50.894555834041284 102.57151829666695 116.17040608598255 114.54784945816809 96.04257884208187 17.827294842721614 62.186827360963086 98.191305253213 128.46005869973584 100.26621242749087 132.1492774025345 110.55330208025907 105.53473681963918 83.34417794562549 107.58162597733197 92.39174363183375 88.94834309834535 115.00961568126564 110.86337559865761 76.91424838510942 89.72967079731613 96.08898748379285 78.99932065761098 147.84086394122033 62.00771276829516 81.30392052938544 85.6620660388766 100.03747476194076 114.65869360203304 82.32085652531993 119.1457207386173 138.11814776457345 108.14339146898584 126.39171194834013 113.79595513039936 144.48769310944633 116.00249282419931 86.25921223979016 122.47907002773502 141.3585497265323
95.59750325071704 98.16007141796058 104.19062052827564 52.20713599248176 133.35325639493522 101.16694787547648 126.95498227190494 80.38516627195814 83.2864407944833 66.30039991506202 170.01710177649613 66.2043134481905 35.14732807523119 121.86132024650195 64.24129785209749 75.38110930291646 0.0 61.35018630016227 87.85773455918121 132.5912353054872 104.83537459784215 78.65527324541593 104.43688439435302 63.76937680871286 96.43138649135655 92.06413906673926 129.17667122151198 121.29285193326848 115.66323318471916 119.56419621320921 72.85851660021359 80.1400836052731 119.9622188158208 82.25655704972908 100.02891933523907 109.88563192905136 104.65948149870836 122.67450292246481 120.23123336175213 79.56783168370171 103.26152219021114 87.88360756915138 88.21481084041616 72.82478740262285 60.92122277123361 111.45320064635746 85.72023042414659 118.756737490995 140.91877814968774 87.96304840927566 82.90016093825292 116.75307765514965 104.10709907398831 76.75595427670147 86.89116773332123 72.15754234255306 89.39734090649573 135.820977829105 43.96826548227596 103.40657062351993 101.17775312428728 49.47080064866357 137.09543174605489 136.22405468335475 65.8041510101713 113.70791431349451 144.86816348957663 128.43570500904107 65.49054583136399 148.5605153420127 104.39217034712614 67.59371436899022 127.77412264868806 94.92018823564541 92.22227160464453 121.47556886273978 96.44260825095712 58.90513440914761 96.48304944005872 105.09332020542456 110.91440451434653 103.28883487420147 80.02576943563142 145.73099535234348 104.43188508104174 104.97389179967574 69.16974813121806 85.81148669448748 75.3273893859353 81.83974801592076 82.71501448136252 125.8235969376471 20.70140833209132 76.63647700386474 154.11198962696574 123.07554536780697 120.76319687987397 72.96002860757571 133.5478875799295 93.80189413259428
63.76937680871286 128.28238468345552 138.43222554477092 53.186552862644696 134.1729406180929 113.67906254631112 129.13158166730378 105.8672082032418 66.28445672584824 90.73369210504381 58.48388427276764 71.9570367921803 78.80082881218468 125.25540183879883 87.21184768648249 108.2989164124887 61.35018630016227 0.0 172.10372631181906 122.04470134561478 106.59987532968077 81.82779387332039 110.00962135232413 73.98282385204209 122.3250811389557 87.78589427406905 93.94629616425223 94.79446664081783 73.47167847257342 81.52456541485958 122.3789426676278 78.40466554545169 106.3501156430296 92.08069769805928 135.0207894000335 89.89596949134462 108.92419712354041 61.5482375065778 58.27893210657681 62.01097411301279 111.22755551672574 73.72544548071927 119.3980961900395 87.48103231000799 57.189617342740256 138.72965524709096 112.83028442395347 142.02331259455724 101.84292340822573 71.69423683958405 124.84802025153475 135.94778399737854 84.05224515487264 101.1308340996826 92.30902048698948 87.70561074959758 93.7760302613847 83.15434149495957 77.35606581440726 64.63890158435288 100.51503967325105 57.707972781494135 105.50407684219815 94.44165826223114 73.9448973057691 149.21543494313528 104.1386773113557 111.35376605624859 132.4092094868583 94.32203945352094 34.12801965002727 109.94777082590011 96.79518530330701 110.91712942570577 95.6129426839604 102.82791718351139 104.01602871238454 124.68971525680192 114.01010551169588 115.40582567788692 101.84292340822573 168.20106682568792 66.37090875259531 88.79011885692125 89.48868772539522 84.72982117934572 91.39148271365724 122.45610697158351 99.28333539256896 106.53455571886114 81.38088079093384 87.99846099138063 111.45941232387814 79.78657915701103 56.74819497546346 119.44550712109968 57.85768534381491 61.42513500509375 82.94504304044719 121.80326938115584
109.43575666324827 58.08391231800293 110.24826439001313 97.33375439264938 113.40765410757234 117.89907021528504 110.77878427058934 116.22892256894005 65.13975236855262 99.86421984536844 120.31303752592501 99.20159104751573 160.54449255381232 104.88151299674432 129.450028045429 93.19371057234271 87.85773455918121 172.10372631181906 0.0 57.9608137812658 98.50973618494245 92.17446386852231 118.34299327047624 73.17898156399484 105.5234068565623 15.046271068988801 126.33756131482747 128.8385874364743 120.42169595751773 91.23131082683146 104.04804431456381 82.73247819838936 77.72715691202764 98.38204596464446 97.29292159071524 117.15264544061299 84.109337270663 94.22385289536118 90.5842238801901 125.36379784021389 118.80128020630104 77.65404151732193 123.23443427695413 66.11177773340287 93.85767557462209 67.16434593460824 40.67568211409874 102.68635251952306 108.93924958092707 113.75039859182739 140.18628473011532 74.82338948945223 62.45203947209473 126.61996871555638 63.47388530122529 97.19284926494457 67.25285567032654 109.76215202854245 72.23714036377389 112.39672775496561 132.72549973600022 110.83869554766135 131.09241647569192 117.32964112702864 51.31004610193614 121.88544594301203 126.48493533185118 92.26041922409499 94.42461891406013 134.5967202594964 91.97473836342112 90.66056954474588 120.55490768868093 93.42618790962187 92.07909255578959 85.19834123534679 72.28029320412602 122.67176066729473 110.9498618205296 96.3828014864469 56.20935960457291 94.96289823316596 113.79595513039936 78.85398114753689 113.31483793301024 94.77142485481485 100.03965642040104 136.53859858230527 106.91932841583318 83.94871865363588 123.20927024384075 104.57842917436338 105.04528578870716 128.64057359149191 71.26937432309757 91.5462680314939 106.70407854608985 168.73690827819854 114.37432776400298 117.0488773685199
112.39672775496561 105.69458818927265 120.60036094547965 97.94895736340038 93.04658034510335 82.54760583501766 65.42770827017758 107.08028699286365 101.36358848378293 83.40089327641604 83.9948157336205 132.15384458935335 119.4708995601895 106.09802898711133 110.05184281102272 108.58774843878376 132.5912353054872 122.04470134561478 57.9608137812658 0.0 105.17821485015683 86.874329442923 76.40124896377057 76.43723154545172 127.0466170952603 83.56483523910309 85.37722825475814 120.31303752592501 64.00588891568049 154.897167959617 122.50839793966723 91.61499746864745 85.51473047444142 67.30248268675635 87.43804073810787 78.61236031057021 69.8822767427302 71.63221824296872 90.95229388081869 104.02249869590858 95.96097206638288 82.12958456653932 74.22695043836967 119.56281143510537 95.57014604971893 119.44715280237477 136.8293373569446 88.00043719417889 72.35614015326993 134.06395014847357 93.9050832825148 92.63241754190173 81.9404669136963 101.06369495410429 43.29891190964983 33.48408354053757 129.12686172912183 117.37257646615919 57.12947310881558 121.68137357101219 102.98575238786617 63.92228061779886 119.89658056868116 77.30822682840997 114.37006400462121 129.0230807974663 55.90680628315291 65.58333030565176 80.42353319085026 135.82019028346826 77.87251816449805 107.50343794334893 108.58038248181164 83.40755815915104 67.66885620511454 114.28718194046564 104.34188472091782 146.9167037848239 86.35040980647759 111.73861184074747 105.91150632651554 133.0326652335419 94.24484740071051 148.0560155867292 116.96014987130373 97.1730809218497 134.48276134800201 96.04257884208187 101.23218668575932 123.48870349911327 105.02819373342345 70.86053411382248 129.00709253175862 110.96869418191362 120.73591430635149 100.7517839161722 91.44132213978236 103.9755379288345 96.15511921565572 100.0346191821017
104.71288792488559 95.02193538758351 96.51789530945592 59.42070677356171 98.58423708014041 105.29859047175093 109.22810011387539 90.43812352197855 65.51160413201427 89.67601047703116 93.48643891504727 126.48709918283262 138.64441327246033 91.95460453916871 109.89713200116104 138.4371074077211 104.83537459784215 106.59987532968077 98.50973618494245 105.17821485015683 0.0 93.19057314602017 56.336744835482335 114.33185253181941 97.72551655253606 82.73247819838936 144.9953291910227 71.16086783907629 64.80366835075236 63.12410330677842 92.42827046048036 86.27077157591441 94.81032944053119 69.30922969307493 78.08006803282176 107.05343277521092 20.70140833209132 88.33227517783457 108.7912437989731 168.75632603290887 64.82590122115121 82.07827522739258 121.81408235498287 114.85520238978054 98.71068756577499 122.64540047247213 98.43644750761096 92.98791817399464 119.1569195361365 106.36571031031586 82.86221081940258 112.964821732364 113.52100579490927 66.81813060094181 99.58667612555013 100.70889580493329 96.20126214656615 105.28696277790122 156.05444044770513 115.33893266693903 84.925932474729 60.36343963692688 74.05292310645527 112.25069988201051 79.0435748674652 67.30423921026679 77.11749879930262 97.83681345974024 135.7166219251889 80.12292990399098 89.20172739643553 74.78959955429573 104.641013713993 101.08078775982511 119.83373824985273 93.83417875434066 67.30423921026679 56.784093677303865 92.42827046048036 88.02222480550732 129.4823399900489 122.91513452717494 114.80024773426419 74.52970117818012 102.22886329942088 122.49179342606561 100.64713952515648 87.19347097545773 112.75506929990725 113.06063875991248 121.20178513316344 55.99709079132357 156.63681960278038 124.71428643159089 87.41153772445216 118.80128020630104 107.27275150427204 112.70954540019154 61.27085894708578 123.53352288600183
