25
0.0 103.23799865287246 106.99171497556009 98.13431847172204 108.78637649420602 106.638296310778 106.99171497556009 100.48840386302095 108.94575739707683 98.19615477405995 108.78637649420602 100.28950844848967 92.56003223203348 109.984907786626 92.56003223203348 103.22589425151894 105.77533587258374 107.45726512127565 107.45726512127565 101.7855170575957 94.5121939020205 108.78637649420602 101.03539766445411 108.41322132691579 103.63843839426178
103.23799865287246 0.0 101.7855170575957 100.27276715551443 101.03539766445411 105.47506384085007 105.77533587258374 108.78637649420602 103.79230772467864 100.46415185513591 102.56927290894917 93.94657490433151 92.22372654669789 103.44566920455348 108.94575739707683 91.90567894081167 100.37074512689708 104.49590786086094 97.75338237236716 105.77533587258374 92.56003223203348 108.41322132691579 101.03539766445411 101.03539766445411 92.22372654669789
106.99171497556009 101.7855170575957 0.0 106.89749694163126 107.45726512127565 98.19615477405995 96.1670988310736 101.03082079629579 106.638296310778 100.46415185513591 107.45726512127565 91.90567894081167 96.1670988310736 97.92725964861789 96.1670988310736 101.7855170575957 103.44566920455348 99.56904637789108 109.984907786626 107.45726512127565 98.19615477405995 99.95669669757342 108.41322132691579 105.36322542877363 97.32206025318371
98.13431847172204 100.27276715551443 106.89749694163126 0.0 100.46415185513591 103.79230772467864 100.27276715551443 108.94575739707683 103.38574119133546 103.20805243104151 109.984907786626 95.58086683299334 100.27619035294141 97.27626130167934 106.89749694163126 99.95669669757342 94.0662941196152 106.89749694163126 108.94575739707683 100.37074512689708 90.39579545063043 97.12088508416302 104.53179607330812 97.75338237236716 101.7855170575957
108.78637649420602 101.03539766445411 107.45726512127565 100.46415185513591 0.0 92.35804380723951 95.1077548667651 99.95669669757342 100.27619035294141 92.56003223203348 103.63843839426178 106.89749694163126 99.95669669757342 90.39579545063043 104.49590786086094 106.99171497556009 95.1077548667651 91.10827993027121 99.56904637789108 104.49590786086094 90.39579545063043 106.638296310778 97.92725964861789 103.38574119133546 103.22589425151894
106.638296310778 105.47506384085007 98.19615477405995 103.79230772467864 92.35804380723951 0.0 106.89749694163126 92.56003223203348 100.48840386302095 97.92725964861789 98.93891620750789 92.56003223203348 101.03082079629579 100.27619035294141 101.03539766445411 101.03082079629579 97.63829522301809 94.5121939020205 104.49590786086094 100.48840386302095 91.90567894081167 100.46415185513591 94.16789264973008 91.10827993027121 93.94657490433151
106.99171497556009 105.77533587258374 96.1670988310736 100.27276715551443 95.1077548667651 106.89749694163126 0.0 99.56904637789108 98.19615477405995 100.46415185513591 103.44566920455348 101.03539766445411 107.45726512127565 100.46415185513591 106.0286525997697 97.28120552882898 104.89596594270904 97.27626130167934 103.79230772467864 97.32206025318371 100.48840386302095 108.41322132691579 104.49590786086094 106.89749694163126 94.5121939020205
100.48840386302095 108.78637649420602 101.03082079629579 108.94575739707683 99.95669669757342 92.56003223203348 99.56904637789108 0.0 97.28120552882898 101.7855170575957 94.5121939020205 97.12088508416302 97.32206025318371 101.03082079629579 94.16789264973008 92.56003223203348 103.22589425151894 104.53179607330812 106.638296310778 97.28120552882898 108.78637649420602 108.78637649420602 109.984907786626 103.23799865287246 98.19615477405995
108.94575739707683 103.79230772467864 106.638296310778 103.38574119133546 100.27619035294141 100.48840386302095 98.19615477405995 97.28120552882898 0.0 97.12088508416302 104.49590786086094 92.35804380723951 91.8462250058562 100.28950844848967 94.0662941196152 100.27619035294141 106.0286525997697 102.56927290894917 103.38574119133546 104.89596594270904 97.75338237236716 102.56927290894917 97.32206025318371 92.22372654669789 94.5121939020205
98.19615477405995 100.46415185513591 100.46415185513591 103.20805243104151 92.56003223203348 97.92725964861789 100.46415185513591 101.7855170575957 97.12088508416302 0.0 100.28950844848967 99.56904637789108 106.99171497556009 90.39579545063043 95.1077548667651 91.10827993027121 104.49590786086094 110.96835860736849 91.90567894081167 100.28950844848967 92.35804380723951 97.9947347575398 100.46415185513591 99.69000430359978 96.1670988310736
108.78637649420602 102.56927290894917 107.45726512127565 109.984907786626 103.63843839426178 98.93891620750789 103.44566920455348 94.5121939020205 104.49590786086094 100.28950844848967 0.0 105.77533587258374 100.27276715551443 100.48840386302095 99.95669669757342 100.27276715551443 92.56003223203348 91.10827993027121 103.79230772467864 94.16789264973008 94.16789264973008 100.28950844848967 92.56003223203348 105.47506384085007 108.94575739707683
100.28950844848967 93.94657490433151 91.90567894081167 95.58086683299334 106.89749694163126 92.56003223203348 101.03539766445411 97.12088508416302 92.35804380723951 99.56904637789108 105.77533587258374 0.0 95.58086683299334 104.89596594270904 103.79230772467864 99.56904637789108 94.16789264973008 105.47506384085007 92.22372654669789 100.27276715551443 95.1077548667651 103.22589425151894 106.0286525997697 97.92725964861789 92.35804380723951
92.56003223203348 92.22372654669789 96.1670988310736 100.27619035294141 99.95669669757342 101.03082079629579 107.45726512127565 97.32206025318371 91.8462250058562 106.99171497556009 100.27276715551443 95.58086683299334 0.0 97.92725964861789 97.9947347575398 106.46539197070713 105.36322542877363 97.9947347575398 108.94575739707683 99.56904637789108 110.96835860736849 100.37074512689708 103.38574119133546 92.35804380723951 90.39579545063043
109.984907786626 103.44566920455348 97.92725964861789 97.27626130167934 90.39579545063043 100.27619035294141 100.46415185513591 101.03082079629579 100.28950844848967 90.39579545063043 100.48840386302095 104.89596594270904 97.92725964861789 0.0 108.41322132691579 92.22372654669789 92.35804380723951 100.27276715551443 91.10827993027121 97.28120552882898 98.19615477405995 105.36322542877363 106.638296310778 101.03082079629579 107.45726512127565
92.56003223203348 108.94575739707683 96.1670988310736 106.89749694163126 104.49590786086094 101.03539766445411 106.0286525997697 94.16789264973008 94.0662941196152 95.1077548667651 99.95669669757342 103.79230772467864 97.9947347575398 108.41322132691579 0.0 104.49590786086094 101.7855170575957 99.95669669757342 104.49590786086094 105.36322542877363 92.35804380723951 97.75338237236716 100.28950844848967 106.89749694163126 91.10827993027121
103.22589425151894 91.90567894081167 101.7855170575957 99.95669669757342 106.99171497556009 101.03082079629579 97.28120552882898 92.56003223203348 100.27619035294141 91.10827993027121 100.27276715551443 99.56904637789108 106.46539197070713 92.22372654669789 104.49590786086094 0.0 105.77533587258374 92.35804380723951 93.94657490433151 103.38574119133546 99.69000430359978 101.03539766445411 99.69000430359978 108.41322132691579 103.22589425151894
105.77533587258374 100.37074512689708 103.44566920455348 94.0662941196152 95.1077548667651 97.63829522301809 104.89596594270904 103.22589425151894 106.0286525997697 104.49590786086094 92.56003223203348 94.16789264973008 105.36322542877363 92.35804380723951 101.7855170575957 105.77533587258374 0.0 103.63843839426178 100.27276715551443 106.638296310778 106.46539197070713 101.03082079629579 109.984907786626 103.20805243104151 100.37074512689708
107.45726512127565 104.49590786086094 99.56904637789108 106.89749694163126 91.10827993027121 94.5121939020205 97.27626130167934 104.53179607330812 102.56927290894917 110.96835860736849 91.10827993027121 105.47506384085007 97.9947347575398 100.27276715551443 99.95669669757342 92.35804380723951 103.63843839426178 0.0 95.58086683299334 105.47506384085007 97.75338237236716 101.03539766445411 92.56003223203348 103.22589425151894 105.77533587258374
107.45726512127565 97.75338237236716 109.984907786626 108.94575739707683 99.56904637789108 104.49590786086094 103.79230772467864 106.638296310778 103.38574119133546 91.90567894081167 103.79230772467864 92.22372654669789 108.94575739707683 91.10827993027121 104.49590786086094 93.94657490433151 100.27276715551443 95.58086683299334 0.0 97.63829522301809 98.93891620750789 106.46539197070713 97.12088508416302 95.1077548667651 106.638296310778
101.7855170575957 105.77533587258374 107.45726512127565 100.37074512689708 104.49590786086094 100.48840386302095 97.32206025318371 97.28120552882898 104.89596594270904 100.28950844848967 94.16789264973008 100.27276715551443 99.56904637789108 97.28120552882898 105.36322542877363 103.38574119133546 106.638296310778 105.47506384085007 97.63829522301809 0.0 97.9947347575398 106.46539197070713 98.13431847172204 97.92725964861789 104.89596594270904
94.5121939020205 92.56003223203348 98.19615477405995 90.39579545063043 90.39579545063043 91.90567894081167 100.48840386302095 108.78637649420602 97.75338237236716 92.35804380723951 94.16789264973008 95.1077548667651 110.96835860736849 98.19615477405995 92.35804380723951 99.69000430359978 106.46539197070713 97.75338237236716 98.93891620750789 97.9947347575398 0.0 94.5121939020205 100.46415185513591 100.28950844848967 91.8462250058562
108.78637649420602 108.41322132691579 99.95669669757342 97.12088508416302 106.638296310778 100.46415185513591 108.41322132691579 108.78637649420602 102.56927290894917 97.9947347575398 100.28950844848967 103.22589425151894 100.37074512689708 105.36322542877363 97.75338237236716 101.03539766445411 101.03082079629579 101.03539766445411 106.46539197070713 106.46539197070713 94.5121939020205 0.0 102.56927290894917 103.22589425151894 103.20805243104151
101.03539766445411 101.03539766445411 108.41322132691579 104.53179607330812 97.92725964861789 94.16789264973008 104.49590786086094 109.984907786626 97.32206025318371 100.46415185513591 92.56003223203348 106.0286525997697 103.38574119133546 106.638296310778 100.28950844848967 99.69000430359978 109.984907786626 92.56003223203348 97.12088508416302 98.13431847172204 100.46415185513591 102.56927290894917 0.0 108.78637649420602 98.13431847172204
108.41322132691579 101.03539766445411 105.36322542877363 97.75338237236716 103.38574119133546 91.10827993027121 106.89749694163126 103.23799865287246 92.22372654669789 99.69000430359978 105.47506384085007 97.92725964861789 92.35804380723951 101.03082079629579 106.89749694163126 108.41322132691579 103.20805243104151 103.22589425151894 95.1077548667651 97.92725964861789 100.28950844848967 103.22589425151894 108.78637649420602 0.0 104.53179607330812
103.63843839426178 92.22372654669789 97.32206025318371 101.7855170575957 103.22589425151894 93.94657490433151 94.5121939020205 98.19615477405995 94.5121939020205 96.1670988310736 108.94575739707683 92.35804380723951 90.39579545063043 107.45726512127565 91.10827993027121 103.22589425151894 100.37074512689708 105.77533587258374 106.638296310778 104.89596594270904 91.8462250058562 103.20805243104151 98.13431847172204 104.53179607330812 0.0
