25
0.0 92.75474703597763 104.83226432989775 105.70951335977767 92.75474703597763 104.13818495982906 97.60830071917398 97.60830071917398 94.16588709147283 112.98873920435132 93.3773337826936 96.17036263852539 95.1001848834074 90.55403340918718 112.98873920435132 105.41573719626928 97.6422688694694 107.47983931038206 101.47286815639188 98.37652270880102 98.01621643078697 101.54547079201258 98.01621643078697 94.40898307524436 101.0572599319571
92.75474703597763 0.0 98.89209031874074 88.9142831520626 94.17233452824514 94.16588709147283 106.60013082542783 102.11721950188272 109.72952491368888 95.55293364384734 99.07914351006444 104.13818495982906 99.7436046956651 96.85810885178417 98.09634900480525 101.99528964382806 98.2031169157224 106.70537178551946 102.11721950188272 96.69883829446921 100.49903438594725 102.73918950426994 101.54547079201258 112.98873920435132 88.10126462626036
104.83226432989775 98.89209031874074 0.0 106.32752639915674 94.40898307524436 100.69143218756811 99.68413204392859 93.43013924658007 109.72952491368888 104.40347466517392 101.47286815639188 106.08712400472261 99.30190134837294 102.9193844513264 94.17233452824514 95.85913274190592 104.93049700365958 95.609691437195 88.9142831520626 91.3659464704199 105.70951335977767 101.05502656621222 101.48713542051499 101.54547079201258 90.45841824409503
105.70951335977767 88.9142831520626 106.32752639915674 0.0 99.6197487294731 96.39608207425182 89.19519284590793 98.40371725613238 104.02503567279132 104.83226432989775 99.6197487294731 100.69143218756811 99.92954314067866 107.09511577369163 102.9193844513264 104.1014066776386 91.93088956247828 98.09634900480525 99.07914351006444 96.69883829446921 101.0572599319571 99.6197487294731 97.83753841371771 94.17233452824514 96.17036263852539
92.75474703597763 94.17233452824514 94.40898307524436 99.6197487294731 0.0 90.7286320846244 90.55403340918718 99.41299673470981 106.3014603019247 106.08712400472261 99.6152689981812 94.17233452824514 101.31589645275726 100.48954513464972 101.56745803653736 91.93088956247828 101.48713542051499 91.3659464704199 103.34154037100896 90.45841824409503 98.31284834401465 103.69739615285452 92.22435900974212 104.47365783158187 102.11721950188272
104.13818495982906 94.16588709147283 100.69143218756811 96.39608207425182 90.7286320846244 0.0 92.1731752522835 102.11721950188272 102.73918950426994 99.79490004984216 99.21942946272902 102.9193844513264 111.36687412763803 98.85370171475984 95.05638412060578 99.78670584537842 96.48101246627058 103.34154037100896 106.09806703202106 102.73918950426994 90.45841824409503 103.29513132512467 89.19519284590793 99.5765898525733 94.83602780309319
97.60830071917398 106.60013082542783 99.68413204392859 89.19519284590793 90.55403340918718 92.1731752522835 0.0 104.93049700365958 106.32752639915674 109.72952491368888 93.0920054986766 101.47286815639188 99.5765898525733 94.17233452824514 106.09806703202106 96.85810885178417 91.3659464704199 91.93088956247828 98.85370171475984 102.9193844513264 99.92954314067866 100.49903438594725 100.6307613263995 97.60830071917398 100.32766988038571
97.60830071917398 102.11721950188272 93.43013924658007 98.40371725613238 99.41299673470981 102.11721950188272 104.93049700365958 0.0 104.93049700365958 104.86263178127591 98.2031169157224 101.54547079201258 101.0572599319571 95.55293364384734 90.7286320846244 102.02700577477292 99.6197487294731 101.56745803653736 94.77820089591457 98.37652270880102 107.82361166932796 96.39608207425182 92.92096306219575 90.55403340918718 94.2590222906953
94.16588709147283 109.72952491368888 109.72952491368888 104.02503567279132 106.3014603019247 102.73918950426994 106.32752639915674 104.93049700365958 0.0 111.30712911204972 96.32759147261518 92.22435900974212 105.0051122762671 104.86263178127591 102.73918950426994 99.30190134837294 95.05638412060578 96.17036263852539 102.9193844513264 102.14566729618046 99.41141276332463 99.41299673470981 93.79653573336155 104.40347466517392 101.48713542051499
112.98873920435132 95.55293364384734 104.40347466517392 104.83226432989775 106.08712400472261 99.79490004984216 109.72952491368888 104.86263178127591 111.30712911204972 0.0 100.32766988038571 93.70375882687259 95.609691437195 103.23399288681394 97.6422688694694 92.82782192790236 106.3014603019247 104.02503567279132 96.32759147261518 99.25059864087898 99.18527561949583 103.23399288681394 98.31284834401465 98.37652270880102 100.69143218756811
93.3773337826936 99.07914351006444 101.47286815639188 99.6197487294731 99.6152689981812 99.21942946272902 93.0920054986766 98.2031169157224 96.32759147261518 100.32766988038571 0.0 104.47365783158187 97.43989428616992 95.85913274190592 95.1001848834074 99.21942946272902 93.3773337826936 95.05638412060578 107.09511577369163 99.79490004984216 97.28056164831251 104.1014066776386 94.17233452824514 97.83753841371771 92.22435900974212
96.17036263852539 104.13818495982906 106.08712400472261 100.69143218756811 94.17233452824514 102.9193844513264 101.47286815639188 101.54547079201258 92.22435900974212 93.70375882687259 104.47365783158187 0.0 99.92954314067866 92.1731752522835 101.31589645275726 111.36687412763803 94.83602780309319 100.48954513464972 105.70951335977767 97.26124547041668 99.68413204392859 101.15058297449801 92.82782192790236 99.25059864087898 98.31284834401465
95.1001848834074 99.7436046956651 99.30190134837294 99.92954314067866 101.31589645275726 111.36687412763803 99.5765898525733 101.0572599319571 105.0051122762671 95.609691437195 97.43989428616992 99.92954314067866 0.0 99.25059864087898 96.09965903397882 104.47365783158187 104.93049700365958 100.49903438594725 93.3773337826936 104.1014066776386 107.47983931038206 104.02503567279132 100.217158532448 107.47983931038206 101.31589645275726
90.55403340918718 96.85810885178417 102.9193844513264 107.09511577369163 100.48954513464972 98.85370171475984 94.17233452824514 95.55293364384734 104.86263178127591 103.23399288681394 95.85913274190592 92.1731752522835 99.25059864087898 0.0 100.217158532448 98.09634900480525 100.32766988038571 106.08712400472261 111.30712911204972 109.72952491368888 95.05638412060578 97.36254983616038 99.56194875523472 96.69883829446921 97.26124547041668
112.98873920435132 98.09634900480525 94.17233452824514 102.9193844513264 101.56745803653736 95.05638412060578 106.09806703202106 90.7286320846244 102.73918950426994 97.6422688694694 95.1001848834074 101.31589645275726 96.09965903397882 100.217158532448 0.0 93.50403907710793 99.92954314067866 103.69739615285452 96.70060158473645 99.1843671542806 94.77820089591457 95.18393364420153 102.02700577477292 95.26811285935554 104.51606056867942
105.41573719626928 101.99528964382806 95.85913274190592 104.1014066776386 91.93088956247828 99.78670584537842 96.85810885178417 102.02700577477292 99.30190134837294 92.82782192790236 99.21942946272902 111.36687412763803 104.47365783158187 98.09634900480525 93.50403907710793 0.0 106.17227464823345 94.2590222906953 102.9193844513264 102.02700577477292 88.9142831520626 106.08712400472261 102.73918950426994 101.31589645275726 97.26124547041668
97.6422688694694 98.2031169157224 104.93049700365958 91.93088956247828 101.48713542051499 96.48101246627058 91.3659464704199 99.6197487294731 95.05638412060578 106.3014603019247 93.3773337826936 94.83602780309319 104.93049700365958 100.32766988038571 99.92954314067866 106.17227464823345 0.0 106.17227464823345 93.43013924658007 99.18527561949583 98.21887474970754 100.48954513464972 102.73918950426994 105.0051122762671 104.51606056867942
107.47983931038206 106.70537178551946 95.609691437195 98.09634900480525 91.3659464704199 103.34154037100896 91.93088956247828 101.56745803653736 96.17036263852539 104.02503567279132 95.05638412060578 100.48954513464972 100.49903438594725 106.08712400472261 103.69739615285452 94.2590222906953 106.17227464823345 0.0 99.21942946272902 99.79490004984216 101.0572599319571 96.17036263852539 92.92096306219575 104.86263178127591 95.26811285935554
101.47286815639188 102.11721950188272 88.9142831520626 99.07914351006444 103.34154037100896 106.09806703202106 98.85370171475984 94.77820089591457 102.9193844513264 96.32759147261518 107.09511577369163 105.70951335977767 93.3773337826936 111.30712911204972 96.70060158473645 102.9193844513264 93.43013924658007 99.21942946272902 0.0 94.16588709147283 103.23399288681394 99.21942946272902 104.40347466517392 102.14566729618046 99.30190134837294
98.37652270880102 96.69883829446921 91.3659464704199 96.69883829446921 90.45841824409503 102.73918950426994 102.9193844513264 98.37652270880102 102.14566729618046 99.25059864087898 99.79490004984216 97.26124547041668 104.1014066776386 109.72952491368888 99.1843671542806 102.02700577477292 99.18527561949583 99.79490004984216 94.16588709147283 0.0 99.6152689981812 101.54547079201258 99.30190134837294 88.10126462626036 106.17227464823345
98.01621643078697 100.49903438594725 105.70951335977767 101.0572599319571 98.31284834401465 90.45841824409503 99.92954314067866 107.82361166932796 99.41141276332463 99.18527561949583 97.28056164831251 99.68413204392859 107.47983931038206 95.05638412060578 94.77820089591457 88.9142831520626 98.21887474970754 101.0572599319571 103.23399288681394 99.6152689981812 0.0 97.36254983616038 96.85810885178417 99.7436046956651 101.47286815639188
101.54547079201258 102.73918950426994 101.05502656621222 99.6197487294731 103.69739615285452 103.29513132512467 100.49903438594725 96.39608207425182 99.41299673470981 103.23399288681394 104.1014066776386 101.15058297449801 104.02503567279132 97.36254983616038 95.18393364420153 106.08712400472261 100.48954513464972 96.17036263852539 99.21942946272902 101.54547079201258 97.36254983616038 0.0 99.1843671542806 97.89175640538679 96.01815779989059
98.01621643078697 101.54547079201258 101.48713542051499 97.83753841371771 92.22435900974212 89.19519284590793 100.6307613263995 92.92096306219575 93.79653573336155 98.31284834401465 94.17233452824514 92.82782192790236 100.217158532448 99.56194875523472 102.02700577477292 102.73918950426994 102.73918950426994 92.92096306219575 104.40347466517392 99.30190134837294 96.85810885178417 99.1843671542806 0.0 98.09634900480525 101.05502656621222
94.40898307524436 112.98873920435132 101.54547079201258 94.17233452824514 104.47365783158187 99.5765898525733 97.60830071917398 90.55403340918718 104.40347466517392 98.37652270880102 97.83753841371771 99.25059864087898 107.47983931038206 96.69883829446921 95.26811285935554 101.31589645275726 105.0051122762671 104.86263178127591 102.14566729618046 88.10126462626036 99.7436046956651 97.89175640538679 98.09634900480525 0.0 94.40898307524436
101.0572599319571 88.10126462626036 90.45841824409503 96.17036263852539 102.11721950188272 94.83602780309319 100.32766988038571 94.2590222906953 101.48713542051499 100.69143218756811 92.22435900974212 98.31284834401465 101.31589645275726 97.26124547041668 104.51606056867942 97.26124547041668 104.51606056867942 95.26811285935554 99.30190134837294 106.17227464823345 101.47286815639188 96.01815779989059 101.05502656621222 94.40898307524436 0.0
