50
0.0 97.89966006621 89.357444052428 98.3257032708523 100.4751462828417 93.9442839219791 93.6618705243753 102.46685259642317 104.38148222873046 101.18026795255923 98.02405060406534 105.61534608614944 98.49928245077726 93.20427003397491 107.29792798217429 103.5895781257123 103.27905105746044 99.46619023394042 103.65376749485348 102.93295574514177 111.08440413932264 97.49381484868833 109.67620532657047 107.5236467055201 102.97979748670633 97.14681237722938 97.37689099497942 100.81411385409092 106.10980299750992 103.5264707354616 104.56677495357302 106.7446133803352 98.22540569813363 97.94880443810742 111.29378298565325 103.93552908151088 95.98111260554396 97.69303338988986 106.81821868578632 101.0614626568438 100.27000504894276 92.00738903953119 107.9059518641626 89.68960568950207 104.84087143050125 98.98507014290082 94.33387583721577 100.75925519348517 106.88122367139506 102.26371923302744
97.89966006621 0.0 88.41071629241665 98.51336297917206 105.41863184052075 107.14229027147842 107.60741890669073 96.35523842733305 100.692598465071 102.61072358562522 103.85746378767512 101.49570997656667 100.72287361668923 93.62988023280363 102.50497131272589 94.70457442826857 101.99500608695082 99.6843171229624 101.65165903795247 99.14923136500337 101.90734270457567 106.76871895160285 100.0834163595416 93.42178220772713 96.11728743478223 109.19541885158057 103.67577036414953 90.23189246348896 100.61875167261749 98.77512224132415 90.54202754896997 91.3666437954744 97.54468344292971 99.21835063026882 100.01575031885145 96.96660938701726 99.52783991271578 104.05425043034376 100.02249551405757 113.0853421932716 92.04929714217738 104.05425043034376 98.85645628088224 101.75452424287141 110.6134361123774 95.92486959351217 94.01359285777036 99.46528568271984 97.52700838860676 105.04511495397313
89.357444052428 88.41071629241665 0.0 99.20819359520137 100.57143478587541 98.00261515400621 109.15069395450806 101.16146892399428 105.68180289083732 98.333859507081 95.43753955671373 104.72516310281145 100.02628553497736 98.68248957048017 97.07498865187803 100.75060210090493 94.70664492346229 99.0053791841086 104.37653965336644 98.27058426892792 101.13566806421017 102.13667458842909 108.2015519005914 99.6137506846174 107.66497338262327 98.79067065237335 97.14810837154442 93.94582816570642 101.60036646337055 97.73622293100219 100.0276180412064 89.61301960715033 108.99046049250248 100.89959733357304 94.21893509607386 95.09403839943387 95.07533881637214 99.75290361258573 99.46208205253714 93.47397439199102 103.10655356727922 101.18970101607651 102.11363513113655 103.79838574942929 99.99970110643595 98.98457371488409 102.4221085162538 98.85647459914145 91.2794128281179 106.66775803133645
98.3257032708523 98.51336297917206 99.20819359520137 0.0 104.98933764990292 107.76739959178548 98.0485645332534 109.3816669604694 104.4054827132642 102.38993916917032 101.49273115460748 96.35941192650779 110.6752100486635 103.00956294435024 107.73025815667788 108.71181651104074 100.87332819851075 102.64834714361862 93.05279580662358 96.91764979599358 96.1185109471554 104.3756701851823 99.0448153863094 101.81329643861491 96.32353334892449 95.16597665902908 84.26714940230819 93.81068667930474 97.95422797197385 106.75478870791856 98.79067065237335 94.8541136037706 97.39915577874655 99.01847524914356 106.33070643426954 94.33387583721577 96.54248919397078 94.46866076318967 103.26099239258684 103.20414748034935 97.72711064448809 98.35996356874132 97.64382910030555 102.40767447446976 101.87723218869235 98.94206933993858 103.00929773482869 100.55342252158847 100.19229546901997 101.68920160615501
100.4751462828417 105.41863184052075 100.57143478587541 104.98933764990292 0.0 99.0583085410368 90.04124447852348 95.9518220148127 99.8401606540623 106.66775803133645 107.69437521840825 98.69508384795776 99.50117028647333 103.38399812856711 105.81747168254496 102.46453538523647 105.1481546035598 93.64615323591887 107.63925762563642 105.46148011300276 100.2504108438977 99.81775007403114 91.3323719793666 97.26905831948712 100.78082641582029 98.31298993110379 96.72811431315466 102.98194879172473 107.50367410387734 109.1326721161815 102.50497131272589 101.46397660881095 100.33118448234056 105.17233816989723 105.11439770761615 108.22758129798544 106.32180507431204 91.91476719761059 113.03501171257354 102.20520037550013 96.33920392831578 95.72991626401934 101.26970488152423 93.24187793562571 96.4438982548458 99.30517886201434 93.02052619310115 93.94582816570642 96.1946649828558 91.93500570549992
93.9442839219791 107.14229027147842 98.00261515400621 107.76739959178548 99.0583085410368 0.0 107.3553852260354 101.39887576123617 109.19078961202958 100.28238064088791 101.50452739318897 101.54181190529653 87.47507714007686 104.77809291939097 90.91595518702377 95.5118990909692 103.58337297912931 102.55266178239357 95.56339110932053 96.54248919397078 101.59877810766778 96.57626219328829 100.32808111604861 99.44718433042769 100.18623383106012 109.35823120419765 106.8188774313695 98.29638778517348 91.67220250570934 98.40129518592599 102.93821010714748 100.14435787685653 98.38648130880595 105.26331684892575 108.18243859898348 98.36865546568299 85.50214835470445 98.0485645332534 89.58321074137795 102.3188411434948 100.23757118195634 103.77522526164458 96.35201786955815 93.45570283377252 103.4594578529554 99.54778940009179 100.56673534676571 100.81746143448031 109.14915711883793 101.81230259736455
93.6618705243753 107.60741890669073 109.15069395450806 98.0485645332534 90.04124447852348 107.3553852260354 0.0 100.37912545650481 109.57450385714345 105.63047315918382 102.95666460054275 95.94496424560137 96.82602459939184 94.21893509607386 99.92364411054047 89.53607511653607 98.56003825785471 92.4876565001002 100.47334834367356 103.7854365273461 101.94920096034677 101.81304926637962 101.44356099165064 101.6579926670171 96.09072333273424 89.50734214434684 103.16185036103475 95.65920809880762 102.16881303587719 97.9714877616019 109.73268677003058 97.90736898833747 106.74744430242833 106.44607022033001 92.9088128326828 100.3348464616705 102.40767447446976 97.49381484868833 101.26970488152423 94.1633168631192 97.34986700268 100.2099814457532 104.59686715540585 93.57588043637486 104.17633191564053 101.50901129844253 101.94528764523963 103.40545014351332 97.93931984336183 108.3786295463163
102.46685259642317 96.35523842733305 101.16146892399428 109.3816669604694 95.9518220148127 101.39887576123617 100.37912545650481 0.0 95.89369703244688 104.82625744792792 105.46148011300276 100.02628553497736 94.22349442617752 94.8698347144879 104.8096229057689 98.03304324461745 101.24794195013115 115.72377150701293 103.1406338740823 91.34814101039301 97.93096537102885 96.4663304933274 101.46040253576079 98.69508384795776 99.68853020158778 104.34395761486371 106.82317349531884 105.83039603591743 101.52124036485252 95.79357140838923 103.31506091305053 98.22687039484835 100.3711960114882 91.24386824120131 103.68273732989707 99.4243211493036 109.3816669604694 96.33075473211593 103.57125098794968 100.27000504894276 102.28998850883063 93.84587365898244 99.11467470620784 96.4922651889839 104.38148222873046 91.29579893288226 98.02405060406534 91.74659637144468 97.40138225084877 97.64624891870866
104.38148222873046 100.692598465071 105.68180289083732 104.4054827132642 99.8401606540623 109.19078961202958 109.57450385714345 95.89369703244688 0.0 93.24824720054941 102.46078715821535 107.70679870022484 102.04169279610794 103.7854365273461 106.82317349531884 95.16695754998295 104.03259041603661 109.1478906559126 101.46397660881095 99.10440956387147 111.2288460212446 97.3023371828697 104.82369110234741 98.75095180934754 104.46048190656211 105.46353889905996 102.1640757472593 94.22519375901823 99.6843171229624 90.23189246348896 100.10411531583618 95.98156010831336 100.49224034887789 97.67665638971091 102.26409717577366 88.48652683931255 94.72452408351829 104.62023908477126 100.07885645760099 100.36983000654462 104.50014644202244 91.37639406479033 92.5760427747559 109.15069395450806 101.19273206981333 107.01714398629419 102.11363513113655 103.62012336253423 102.00868720488828 100.2099814457532
101.18026795255923 102.61072358562522 98.333859507081 102.38993916917032 106.66775803133645 100.28238064088791 105.63047315918382 104.82625744792792 93.24824720054941 0.0 102.26409717577366 100.51408214823661 97.39915577874655 102.04169279610794 95.38903662214851 100.38033567487696 98.34374595514704 99.0890845154236 106.5278119070042 97.14681237722938 93.02052619310115 97.76177340894432 91.26322909308824 103.3027855055863 106.90409457453102 93.11291975630756 102.79569167703268 102.4221085162538 102.76036147120132 90.0749953934201 103.50921101932671 102.5225028248471 92.02835232319643 105.1117229513826 101.49566488635281 96.00866356579748 105.62849185843137 96.28286695339497 100.53041479145556 94.75199672247321 97.8902020056218 111.21521509049388 93.64615323591887 98.51336297917206 93.8111244368385 92.23339044188839 101.16049566741667 106.93036003591516 102.83331719085365 101.65146800480818
98.02405060406534 103.85746378767512 95.43753955671373 101.49273115460748 107.69437521840825 101.50452739318897 102.95666460054275 105.46148011300276 102.46078715821535 102.26409717577366 0.0 109.57450385714345 108.25819354390131 99.59634004714756 104.41335882987559 101.05122510133383 103.88438709501872 94.88095218902484 103.5264707354616 92.92830493079002 99.03074008299615 96.09955973214181 109.00451702218068 96.0345568571882 99.64927092846618 100.51776882604916 104.87799109308801 97.53499959391316 97.23653315780092 98.20755144239169 107.29177256377511 102.71003344821642 98.02405060406534 107.40663987010308 106.92177546386239 93.2604185465342 97.23653315780092 101.86099309710396 92.21199695659989 93.62988023280363 100.47334834367356 104.82324822541506 98.21812236712255 98.29694737902098 101.52084221953793 98.0377314528182 102.23269320655426 95.91878672793096 97.68723105573591 101.63472775208497
105.61534608614944 101.49570997656667 104.72516310281145 96.35941192650779 98.69508384795776 101.54181190529653 95.94496424560137 100.02628553497736 107.70679870022484 100.51408214823661 109.57450385714345 0.0 100.72294161825384 98.84261220984078 99.13596135301188 97.53400188766042 101.3573723878124 102.61148453497397 91.2794128281179 106.30143629659379 110.75774204554267 88.63090090742772 108.9622986848313 87.39943529751308 103.87652785051048 109.27886604001873 100.83253739959517 100.48435322977194 104.34041035338342 97.68076850640674 105.3729510868165 95.2797743043797 99.50117028647333 96.61173966301595 93.21397920326811 106.61751859731434 100.9546047973461 92.21199695659989 91.74558575426052 110.06772800596505 94.95715670344418 100.76622167118003 96.45847007857351 101.4598517920783 101.89487550287228 103.67577036414953 92.06545095526205 107.9904585096309 109.35823120419765 97.24213013160356
98.49928245077726 100.72287361668923 100.02628553497736 110.6752100486635 99.50117028647333 87.47507714007686 96.82602459939184 94.22349442617752 102.04169279610794 97.39915577874655 108.25819354390131 100.72294161825384 0.0 107.89386906550502 99.21983101386319 96.07190756792278 101.32238971914157 103.87413025167656 103.85704640860948 106.69569247860747 100.55342252158847 103.14668489223897 95.9518220148127 99.12598853786383 105.11972075793025 94.07740771904933 100.14435787685653 101.41601820062222 100.52028873532348 97.87917804290556 98.74280042453668 110.74947286784253 100.84529334021097 99.0053791841086 96.38873018352784 106.36725867229188 97.62392726827187 99.84247606237949 104.54213457661169 91.7489400955795 97.72040172145307 101.44356099165064 97.52136013457394 103.90605531240394 105.57775033610241 105.35808271227155 93.9492994814782 102.65805734117632 101.63279271361397 95.22277445271514
93.20427003397491 93.62988023280363 98.68248957048017 103.00956294435024 103.38399812856711 104.77809291939097 94.21893509607386 94.8698347144879 103.7854365273461 102.04169279610794 99.59634004714756 98.84261220984078 107.89386906550502 0.0 105.45389319967747 99.15718352184895 94.09945486858129 98.10198946456737 95.72549958807795 104.69011314984576 107.15812087039008 102.97979748670633 99.03894758582236 109.57450385714345 102.48611051804797 103.0736047748277 108.44124992700641 105.84340501564297 96.51674657743975 98.31298993110379 107.29098664394117 102.9444729957193 102.01280644976832 100.48751695572376 103.61894556973604 98.88566642702939 103.51887904408733 99.81145260071524 95.27974310279285 100.1812500160491 103.18685324990561 105.71715375789223 103.31506091305053 99.16620133706476 103.59792474482654 100.6803907868496 102.72482144145768 95.54429323459117 104.41895139107027 101.32238971914157
107.29792798217429 102.50497131272589 97.07498865187803 107.73025815667788 105.81747168254496 90.91595518702377 99.92364411054047 104.8096229057689 106.82317349531884 95.38903662214851 104.41335882987559 99.13596135301188 99.21983101386319 105.45389319967747 0.0 97.04613334303865 103.2763993257496 95.63225050128376 98.31200703443945 104.01331428321441 102.9444729957193 108.63351865658537 102.64327218034931 101.60552826313439 98.2090368042087 105.04511495397313 101.87083221683926 99.0890845154236 100.00227089927304 103.1815692165128 95.82698638932322 102.06366079519451 98.21830687778174 106.4418920558991 104.02900766121243 99.81775007403114 111.04969131042954 100.59866730790979 103.61264782826325 98.62865725344035 102.46453538523647 104.5433513223682 101.36980572272198 97.63763880996017 100.5080023541865 100.81411385409092 94.09632837437883 93.43129048641129 98.70135321669416 95.44330789080789
103.5895781257123 94.70457442826857 100.75060210090493 108.71181651104074 102.46453538523647 95.5118990909692 89.53607511653607 98.03304324461745 95.16695754998295 100.38033567487696 101.05122510133383 97.53400188766042 96.07190756792278 99.15718352184895 97.04613334303865 0.0 95.23659255677144 98.43600588934387 99.51817827661118 96.61818646535002 93.77132668567054 109.86191291835257 101.10662287926425 93.38005800661297 96.1094075027801 107.34983155064945 97.3549684943064 93.5158207679216 98.10198946456737 102.76975992996589 98.20796953677328 103.5895781257123 100.9546047973461 104.24130049460184 90.12291424336128 101.66984741765103 100.06181724420576 96.23686535702184 105.80250050153589 100.17833404676804 110.68076051802753 101.10662287926425 97.67665638971091 95.59820485614833 93.9523637700878 101.91568804236292 100.36983000654462 95.79916467312616 100.68765428986363 99.17837876146699
103.27905105746044 101.99500608695082 94.70664492346229 100.87332819851075 105.1481546035598 103.58337297912931 98.56003825785471 101.24794195013115 104.03259041603661 98.34374595514704 103.88438709501872 101.3573723878124 101.32238971914157 94.09945486858129 103.2763993257496 95.23659255677144 0.0 100.88376869802626 100.03441084339735 101.33703478832649 102.31365580649027 98.36865546568299 93.2604185465342 102.9444729957193 99.96896216666306 103.3498785305355 102.42386732493227 101.49844938921812 103.99092954561843 104.03259041603661 111.29378298565325 102.02268647985801 89.3841045649427 108.31504982556675 108.42785925787409 102.5759499802716 101.84988290240449 100.17833404676804 100.08332637646916 101.4443430892811 96.60482043252969 102.46453538523647 97.63025023867593 96.80737142714509 103.28872359532367 102.52141053538736 91.55790394361277 96.516578152375 96.56842703681367 97.40585567351069
99.46619023394042 99.6843171229624 99.0053791841086 102.64834714361862 93.64615323591887 102.55266178239357 92.4876565001002 115.72377150701293 109.1478906559126 99.0890845154236 94.88095218902484 102.61148453497397 103.87413025167656 98.10198946456737 95.63225050128376 98.43600588934387 100.88376869802626 0.0 104.77809291939097 105.53513859294858 98.22540569813363 105.46353889905996 97.83863421666203 99.30884390994797 104.82017135008145 99.41046564433415 103.20414748034935 99.91416148310384 104.84923112079015 107.5503762783573 104.89171411281023 96.37857067919585 102.24011705676168 106.92177546386239 99.63772592540451 101.66984741765103 105.41431919815517 97.61732004370698 100.51408214823661 109.58521140634949 93.6164526674411 99.46619023394042 102.42386732493227 102.46173231193224 99.06523623140137 104.6911745634733 97.87418731396824 96.13016989012164 98.69453254625539 105.20659063292511
103.65376749485348 101.65165903795247 104.37653965336644 93.05279580662358 107.63925762563642 95.56339110932053 100.47334834367356 103.1406338740823 101.46397660881095 106.5278119070042 103.5264707354616 91.2794128281179 103.85704640860948 95.72549958807795 98.31200703443945 99.51817827661118 100.03441084339735 104.77809291939097 0.0 103.60851231800713 99.38158699971139 92.597320111272 104.18411374061219 99.7953751314754 97.54295368354387 87.81484227992829 99.83350420608176 101.49570997656667 97.40824443624423 98.29638778517348 97.42483326435399 102.11363513113655 102.91268534313947 98.74031465800265 103.90461824479783 104.48842912302574 103.53067797092143 102.82372087473414 90.7818959692973 101.92897728277161 99.62371605614243 101.61244042577758 95.98111260554396 97.66565078489046 105.0876719893335 96.10365456623407 102.11103244778705 97.42058951796847 94.5232321316547 94.84277922519547
102.93295574514177 99.14923136500337 98.27058426892792 96.91764979599358 105.46148011300276 96.54248919397078 103.7854365273461 91.34814101039301 99.10440956387147 97.14681237722938 92.92830493079002 106.30143629659379 106.69569247860747 104.69011314984576 104.01331428321441 96.61818646535002 101.33703478832649 105.53513859294858 103.60851231800713 0.0 95.97329831448543 115.72377150701293 100.04592760894073 91.73209409469634 103.9848985487431 104.41857328584103 88.41071629241665 99.18323971428256 106.44607022033001 110.00585770729323 109.21160231947238 92.78127559022957 93.81068667930474 108.42785925787409 105.16696656907848 103.54602099646424 99.36785984599118 105.4739523466985 97.83772036327225 103.35330118740521 101.77278056770044 102.98194879172473 95.3278097624773 101.68703898356353 105.0876719893335 106.23699078044888 101.10662287926425 93.24046716112879 91.3666437954744 94.86345347461784
111.08440413932264 101.90734270457567 101.13566806421017 96.1185109471554 100.2504108438977 101.59877810766778 101.94920096034677 97.93096537102885 111.2288460212446 93.02052619310115 99.03074008299615 110.75774204554267 100.55342252158847 107.15812087039008 102.9444729957193 93.77132668567054 102.31365580649027 98.22540569813363 99.38158699971139 95.97329831448543 0.0 96.61173966301595 96.37572250079091 104.01331428321441 94.02017352535724 99.76739803193938 94.1507449804515 92.26950437104686 103.93552908151088 99.75394485297859 99.01847524914356 94.38470136966323 101.54181190529653 107.0909933588965 99.50117028647333 105.35808271227155 93.32278308844144 99.33302140582536 101.1350789674525 97.00604442700872 96.51674657743975 96.32353334892449 105.76155315761484 98.1976659007969 104.80849473803632 98.4468995341576 104.84087143050125 100.82825910394202 94.40337766493614 96.19806957659863
97.49381484868833 106.76871895160285 102.13667458842909 104.3756701851823 99.81775007403114 96.57626219328829 101.81304926637962 96.4663304933274 97.3023371828697 97.76177340894432 96.09955973214181 88.63090090742772 103.14668489223897 102.97979748670633 108.63351865658537 109.86191291835257 98.36865546568299 105.46353889905996 92.597320111272 115.72377150701293 96.61173966301595 0.0 97.39915577874655 102.92987298743834 109.15069395450806 110.49539065751327 94.1633168631192 94.59885054707475 99.67391464881851 98.39663107839759 88.8929288474992 94.84277922519547 98.84275989770877 107.15812087039008 100.14435787685653 104.2939951338255 108.39229181894596 98.66403129596708 103.87652785051048 105.98826937323425 94.44276236261484 97.06963988708337 95.95929790383036 94.68261434053217 99.0076785601082 94.1593984964444 101.15848479653603 97.874185941534 98.85724650694839 102.22848449438607
109.67620532657047 100.0834163595416 108.2015519005914 99.0448153863094 91.3323719793666 100.32808111604861 101.44356099165064 101.46040253576079 104.82369110234741 91.26322909308824 109.00451702218068 108.9622986848313 95.9518220148127 99.03894758582236 102.64327218034931 101.10662287926425 93.2604185465342 97.83863421666203 104.18411374061219 100.04592760894073 96.37572250079091 97.39915577874655 0.0 99.45987447689922 103.26620001496204 101.7484073641653 101.54181190529653 101.56404087912031 97.93931984336183 104.02900766121243 101.66984741765103 102.22998512991012 99.24117837158286 100.67149618923413 107.19446496463394 106.18590788461863 107.74562514879362 97.14681237722938 104.34041035338342 99.11467470620784 103.23782777974235 98.70135321669416 101.3633228588929 96.79758728224537 92.78939688421461 107.78046248360806 104.98483195559932 93.95304500212985 98.98457371488409 99.70261450853361
107.5236467055201 93.42178220772713 99.6137506846174 101.81329643861491 97.26905831948712 99.44718433042769 101.6579926670171 98.69508384795776 98.75095180934754 103.3027855055863 96.0345568571882 87.39943529751308 99.12598853786383 109.57450385714345 101.60552826313439 93.38005800661297 102.9444729957193 99.30884390994797 99.7953751314754 91.73209409469634 104.01331428321441 102.92987298743834 99.45987447689922 0.0 100.79492443889991 96.51175535088959 111.4396127826602 92.40254540177877 102.20520037550013 92.20486081084498 104.73777920569259 102.53788039327185 106.06318753485344 102.92451918399233 92.88373157249706 100.6803907868496 99.30884390994797 102.0302494581253 99.57707225693414 104.41895139107027 93.03446177062568 107.33961134721604 103.89033858025371 90.38457677683897 103.39539714356391 97.874185941534 99.15356402596773 112.0355195187622 95.02587819786221 102.83197117476129
102.97979748670633 96.11728743478223 107.66497338262327 96.32353334892449 100.78082641582029 100.18623383106012 96.09072333273424 99.68853020158778 104.46048190656211 106.90409457453102 99.64927092846618 103.87652785051048 105.11972075793025 102.48611051804797 98.2090368042087 96.1094075027801 99.96896216666306 104.82017135008145 97.54295368354387 103.9848985487431 94.02017352535724 109.15069395450806 103.26620001496204 100.79492443889991 0.0 92.08168316962879 100.79792265450321 104.41857328584103 93.77350277834711 106.99768011237873 99.46208205253714 104.17732986632052 104.93519636021148 96.18586116360699 100.6266226416614 109.92948182729928 91.96144325486573 100.80974502688886 104.84766493415881 93.26717295677246 102.12641233657897 100.59870825508598 104.59388692375448 92.04409749703834 90.55838892020124 99.8449001301089 96.71694640241031 93.28040576572884 105.51279663485847 98.60712309471153
97.14681237722938 109.19541885158057 98.79067065237335 95.16597665902908 98.31298993110379 109.35823120419765 89.50734214434684 104.34395761486371 105.46353889905996 93.11291975630756 100.51776882604916 109.27886604001873 94.07740771904933 103.0736047748277 105.04511495397313 107.34983155064945 103.3498785305355 99.41046564433415 87.81484227992829 104.41857328584103 99.76739803193938 110.49539065751327 101.7484073641653 96.51175535088959 92.08168316962879 0.0 97.68413027929294 100.8957722857018 105.33095870465318 91.74453578800141 107.864218192973 108.95134628128693 107.6927829031725 106.33392420660078 99.18323971428256 104.8096229057689 101.4598517920783 91.44199187209772 94.2330295036985 106.2761773192074 99.17680723308634 104.34395761486371 103.51650464802259 103.28902993764137 94.01359285777036 102.76975992996589 90.89172646505408 107.86788207630211 97.55485342243695 101.34750899356585
97.37689099497942 103.67577036414953 97.14810837154442 84.26714940230819 96.72811431315466 106.8188774313695 103.16185036103475 106.82317349531884 102.1640757472593 102.79569167703268 104.87799109308801 100.83253739959517 100.14435787685653 108.44124992700641 101.87083221683926 97.3549684943064 102.42386732493227 103.20414748034935 99.83350420608176 88.41071629241665 94.1507449804515 94.1633168631192 101.54181190529653 111.4396127826602 100.79792265450321 97.68413027929294 0.0 103.2763993257496 105.79659410608107 101.24818245906546 95.02916807001287 92.88218227490593 105.89956801108929 94.91953458675368 95.91919411044958 93.02052619310115 97.72500254035188 88.85470836077492 107.62742588355756 101.57699294151175 99.36546099083735 93.79731937882963 96.41000711005844 92.39582890620002 101.31566758132959 100.83697939314177 99.82920070433143 103.88923987323972 103.70376568585688 97.83772036327225
100.81411385409092 90.23189246348896 93.94582816570642 93.81068667930474 102.98194879172473 98.29638778517348 95.65920809880762 105.83039603591743 94.22519375901823 102.4221085162538 97.53499959391316 100.48435322977194 101.41601820062222 105.84340501564297 99.0890845154236 93.5158207679216 101.49844938921812 99.91416148310384 101.49570997656667 99.18323971428256 92.26950437104686 94.59885054707475 101.56404087912031 92.40254540177877 104.41857328584103 100.8957722857018 103.2763993257496 0.0 104.2276967521857 97.9057812140385 105.35768497433315 94.38470136966323 98.88842466742891 106.88122367139506 103.54602099646424 99.52775104501818 98.63731310442536 103.34566222780782 95.8328286990874 100.20561238205768 99.54359040677046 99.9694350169353 100.30336429712294 103.77990126327218 95.69337208327396 93.81832228264662 103.3027855055863 90.01590842392261 108.0069484817843 90.54202754896997
106.10980299750992 100.61875167261749 101.60036646337055 97.95422797197385 107.50367410387734 91.67220250570934 102.16881303587719 101.52124036485252 99.6843171229624 102.76036147120132 97.23653315780092 104.34041035338342 100.52028873532348 96.51674657743975 100.00227089927304 98.10198946456737 103.99092954561843 104.84923112079015 97.40824443624423 106.44607022033001 103.93552908151088 99.67391464881851 97.93931984336183 102.20520037550013 93.77350277834711 105.33095870465318 105.79659410608107 104.2276967521857 0.0 104.51226998771585 102.11103244778705 98.81444207131634 105.56460086220348 89.90123530560766 100.4751462828417 108.18644701217102 95.58871025439394 92.23339044188839 96.12684309809603 104.32966436655585 102.47834602816043 93.26989125013615 106.54157319100183 101.18802253619081 93.94582816570642 102.98194879172473 89.50734214434684 94.05101014404362 93.81105023883474 106.37016265527296
103.5264707354616 98.77512224132415 97.73622293100219 106.75478870791856 109.1326721161815 98.40129518592599 97.9714877616019 95.79357140838923 90.23189246348896 90.0749953934201 98.20755144239169 97.68076850640674 97.87917804290556 98.31298993110379 103.1815692165128 102.76975992996589 104.03259041603661 107.5503762783573 98.29638778517348 110.00585770729323 99.75394485297859 98.39663107839759 104.02900766121243 92.20486081084498 106.99768011237873 91.74453578800141 101.24818245906546 97.9057812140385 104.51226998771585 0.0 108.70146759116845 95.86029532316756 101.77278056770044 101.94528764523963 104.82017135008145 99.75270304532273 103.41462748811692 96.4663304933274 104.84842098793952 101.04164313760818 100.59870825508598 103.45824920222427 98.69453254625539 104.07204878122683 89.97387962388187 105.53086979787244 97.36949999067015 97.4386555147996 100.78306784990951 102.47834602816043
104.56677495357302 90.54202754896997 100.0276180412064 98.79067065237335 102.50497131272589 102.93821010714748 109.73268677003058 103.31506091305053 100.10411531583618 103.50921101932671 107.29177256377511 105.3729510868165 98.74280042453668 107.29098664394117 95.82698638932322 98.20796953677328 111.29378298565325 104.89171411281023 97.42483326435399 109.21160231947238 99.01847524914356 88.8929288474992 101.66984741765103 104.73777920569259 99.46208205253714 107.864218192973 95.02916807001287 105.35768497433315 102.11103244778705 108.70146759116845 0.0 95.82698638932322 105.17233816989723 104.21767176879806 103.58337297912931 104.87799109308801 97.54468344292971 103.83408807730085 95.52205103776946 107.70679870022484 105.85363481522322 113.0853421932716 94.23393974480098 96.33075473211593 104.76579452923882 108.46930449999948 95.86029532316756 105.03061368808551 99.46528568271984 98.66403129596708
106.7446133803352 91.3666437954744 89.61301960715033 94.8541136037706 101.46397660881095 100.14435787685653 97.90736898833747 98.22687039484835 95.98156010831336 102.5225028248471 102.71003344821642 95.2797743043797 110.74947286784253 102.9444729957193 102.06366079519451 103.5895781257123 102.02268647985801 96.37857067919585 102.11363513113655 92.78127559022957 94.38470136966323 94.84277922519547 102.22998512991012 102.53788039327185 104.17732986632052 108.95134628128693 92.88218227490593 94.38470136966323 98.81444207131634 95.86029532316756 95.82698638932322 0.0 98.24730510822599 111.29108541628942 104.8958338945851 102.2160368883685 106.37016265527296 95.44245865677748 101.92897728277161 98.11812861097431 98.10419388992624 89.34606476173833 96.19806957659863 106.41189101837658 103.1406338740823 94.91953458675368 108.52760971510604 99.11617370464047 104.60774059243167 102.38993916917032
98.22540569813363 97.54468344292971 108.99046049250248 97.39915577874655 100.33118448234056 98.38648130880595 106.74744430242833 100.3711960114882 100.49224034887789 92.02835232319643 98.02405060406534 99.50117028647333 100.84529334021097 102.01280644976832 98.21830687778174 100.9546047973461 89.3841045649427 102.24011705676168 102.91268534313947 93.81068667930474 101.54181190529653 98.84275989770877 99.24117837158286 106.06318753485344 104.93519636021148 107.6927829031725 105.89956801108929 98.88842466742891 105.56460086220348 101.77278056770044 105.17233816989723 98.24730510822599 0.0 100.6344094496553 101.53735624863388 102.5225028248471 95.98156010831336 106.0568218574247 105.334159927765 98.0690138647301 105.62849185843137 114.29835000092818 101.36983394901408 98.00261515400621 97.06875485267742 106.07220757408975 105.08522613719933 106.4418920558991 98.75511952408627 100.76622167118003
97.94880443810742 99.21835063026882 100.89959733357304 99.01847524914356 105.17233816989723 105.26331684892575 106.44607022033001 91.24386824120131 97.67665638971091 105.1117229513826 107.40663987010308 96.61173966301595 99.0053791841086 100.48751695572376 106.4418920558991 104.24130049460184 108.31504982556675 106.92177546386239 98.74031465800265 108.42785925787409 107.0909933588965 107.15812087039008 100.67149618923413 102.92451918399233 96.18586116360699 106.33392420660078 94.91953458675368 106.88122367139506 89.90123530560766 101.94528764523963 104.21767176879806 111.29108541628942 100.6344094496553 0.0 86.1033675808247 87.638721520806 108.25885223852475 96.12684309809603 103.0552489230737 105.5060134407957 99.65334989877798 95.91919411044958 99.9827771018302 102.87138802852812 93.03446177062568 102.01609779257807 94.77017508002012 106.1430310136622 106.30143629659379 93.40841234540548
111.29378298565325 100.01575031885145 94.21893509607386 106.33070643426954 105.11439770761615 108.18243859898348 92.9088128326828 103.68273732989707 102.26409717577366 101.49566488635281 106.92177546386239 93.21397920326811 96.38873018352784 103.61894556973604 104.02900766121243 90.12291424336128 108.42785925787409 99.63772592540451 103.90461824479783 105.16696656907848 99.50117028647333 100.14435787685653 107.19446496463394 92.88373157249706 100.6266226416614 99.18323971428256 95.91919411044958 103.54602099646424 100.4751462828417 104.82017135008145 103.58337297912931 104.8958338945851 101.53735624863388 86.1033675808247 0.0 99.95162742699561 95.71041362392644 106.02499119010984 99.43288269238491 101.55667780101531 92.5760427747559 102.28852042065462 103.26620001496204 108.63351865658537 103.63909753643284 93.15098758365372 102.87973951360838 103.14668489223897 97.46837648626648 93.8947525050515
103.93552908151088 96.96660938701726 95.09403839943387 94.33387583721577 108.22758129798544 98.36865546568299 100.3348464616705 99.4243211493036 88.48652683931255 96.00866356579748 93.2604185465342 106.61751859731434 106.36725867229188 98.88566642702939 99.81775007403114 101.66984741765103 102.5759499802716 101.66984741765103 104.48842912302574 103.54602099646424 105.35808271227155 104.2939951338255 106.18590788461863 100.6803907868496 109.92948182729928 104.8096229057689 93.02052619310115 99.52775104501818 108.18644701217102 99.75270304532273 104.87799109308801 102.2160368883685 102.5225028248471 87.638721520806 99.95162742699561 0.0 104.8958338945851 96.784542199761 107.5236467055201 104.62023908477126 99.352374805155 87.25036383620368 93.36983052811762 105.11439770761615 99.38237750927485 108.34910238585907 103.76141127187526 96.63809482704869 97.79325804196155 92.42507358920011
95.98111260554396 99.52783991271578 95.07533881637214 96.54248919397078 106.32180507431204 85.50214835470445 102.40767447446976 109.3816669604694 94.72452408351829 105.62849185843137 97.23653315780092 100.9546047973461 97.62392726827187 103.51887904408733 111.04969131042954 100.06181724420576 101.84988290240449 105.41431919815517 103.53067797092143 99.36785984599118 93.32278308844144 108.39229181894596 107.74562514879362 99.30884390994797 91.96144325486573 101.4598517920783 97.72500254035188 98.63731310442536 95.58871025439394 103.41462748811692 97.54468344292971 106.37016265527296 95.98156010831336 108.25885223852475 95.71041362392644 104.8958338945851 0.0 102.5085281520144 98.98632619648696 89.97387962388187 95.32876975706168 103.21240677383462 96.8341310353111 99.16052970776937 88.29878313093103 107.5152117643338 99.43778965922941 106.151269143177 98.62865725344035 100.21290356295893
97.69303338988986 104.05425043034376 99.75290361258573 94.46866076318967 91.91476719761059 98.0485645332534 97.49381484868833 96.33075473211593 104.62023908477126 96.28286695339497 101.86099309710396 92.21199695659989 99.84247606237949 99.81145260071524 100.59866730790979 96.23686535702184 100.17833404676804 97.61732004370698 102.82372087473414 105.4739523466985 99.33302140582536 98.66403129596708 97.14681237722938 102.0302494581253 100.80974502688886 91.44199187209772 88.85470836077492 103.34566222780782 92.23339044188839 96.4663304933274 103.83408807730085 95.44245865677748 106.0568218574247 96.12684309809603 106.02499119010984 96.784542199761 102.5085281520144 0.0 95.1502944936246 99.49731005803142 99.34309386879805 103.99283432378598 103.7068151215699 105.12892971642289 98.50216759086624 104.8958338945851 104.28432956511276 106.40540700337355 97.34871200911324 111.21521509049388
106.81821868578632 100.02249551405757 99.46208205253714 103.26099239258684 113.03501171257354 89.58321074137795 101.26970488152423 103.57125098794968 100.07885645760099 100.53041479145556 92.21199695659989 91.74558575426052 104.54213457661169 95.27974310279285 103.61264782826325 105.80250050153589 100.08332637646916 100.51408214823661 90.7818959692973 97.83772036327225 101.1350789674525 103.87652785051048 104.34041035338342 99.57707225693414 104.84766493415881 94.2330295036985 107.62742588355756 95.8328286990874 96.12684309809603 104.84842098793952 95.52205103776946 101.92897728277161 105.334159927765 103.0552489230737 99.43288269238491 107.5236467055201 98.98632619648696 95.1502944936246 0.0 105.87120762900697 96.19806957659863 100.73685922980906 111.29378298565325 105.18894011993828 102.18052844516 100.72128109435023 101.70415195352867 99.25986346069277 104.58701877799608 95.1941028232758
101.0614626568438 113.0853421932716 93.47397439199102 103.20414748034935 102.20520037550013 102.3188411434948 94.1633168631192 100.27000504894276 100.36983000654462 94.75199672247321 93.62988023280363 110.06772800596505 91.7489400955795 100.1812500160491 98.62865725344035 100.17833404676804 101.4443430892811 109.58521140634949 101.92897728277161 103.35330118740521 97.00604442700872 105.98826937323425 99.11467470620784 104.41895139107027 93.26717295677246 106.2761773192074 101.57699294151175 100.20561238205768 104.32966436655585 101.04164313760818 107.70679870022484 98.11812861097431 98.0690138647301 105.5060134407957 101.55667780101531 104.62023908477126 89.97387962388187 99.49731005803142 105.87120762900697 0.0 95.13719421456697 103.53054164569608 95.03704930065899 100.692598465071 100.72294161825384 95.73437164629681 99.20019646171608 103.77522526164458 109.58521140634949 96.1320073179116
100.27000504894276 92.04929714217738 103.10655356727922 97.72711064448809 96.33920392831578 100.23757118195634 97.34986700268 102.28998850883063 104.50014644202244 97.8902020056218 100.47334834367356 94.95715670344418 97.72040172145307 103.18685324990561 102.46453538523647 110.68076051802753 96.60482043252969 93.6164526674411 99.62371605614243 101.77278056770044 96.51674657743975 94.44276236261484 103.23782777974235 93.03446177062568 102.12641233657897 99.17680723308634 99.36546099083735 99.54359040677046 102.47834602816043 100.59870825508598 105.85363481522322 98.10419388992624 105.62849185843137 99.65334989877798 92.5760427747559 99.352374805155 95.32876975706168 99.34309386879805 96.19806957659863 95.13719421456697 0.0 100.32808111604861 100.32808111604861 102.35992890672611 104.05425043034376 94.46430104061005 102.79592672995251 106.151269143177 96.41702880037705 101.44356099165064
92.00738903953119 104.05425043034376 101.18970101607651 98.35996356874132 95.72991626401934 103.77522526164458 100.2099814457532 93.84587365898244 91.37639406479033 111.21521509049388 104.82324822541506 100.76622167118003 101.44356099165064 105.71715375789223 104.5433513223682 101.10662287926425 102.46453538523647 99.46619023394042 101.61244042577758 102.98194879172473 96.32353334892449 97.06963988708337 98.70135321669416 107.33961134721604 100.59870825508598 104.34395761486371 93.79731937882963 99.9694350169353 93.26989125013615 103.45824920222427 113.0853421932716 89.34606476173833 114.29835000092818 95.91919411044958 102.28852042065462 87.25036383620368 103.21240677383462 103.99283432378598 100.73685922980906 103.53054164569608 100.32808111604861 0.0 106.23699078044888 102.91268534313947 104.3756701851823 103.40545014351332 100.692598465071 107.40663987010308 97.06875485267742 100.05956432008792
107.9059518641626 98.85645628088224 102.11363513113655 97.64382910030555 101.26970488152423 96.35201786955815 104.59686715540585 99.11467470620784 92.5760427747559 93.64615323591887 98.21812236712255 96.45847007857351 97.52136013457394 103.31506091305053 101.36980572272198 97.67665638971091 97.63025023867593 102.42386732493227 95.98111260554396 95.3278097624773 105.76155315761484 95.95929790383036 101.3633228588929 103.89033858025371 104.59388692375448 103.51650464802259 96.41000711005844 100.30336429712294 106.54157319100183 98.69453254625539 94.23393974480098 96.19806957659863 101.36983394901408 99.9827771018302 103.26620001496204 93.36983052811762 96.8341310353111 103.7068151215699 111.29378298565325 95.03704930065899 100.32808111604861 106.23699078044888 0.0 101.52278233358072 98.57366834386316 99.07270658525606 91.29579893288226 97.68723105573591 94.46430104061005 105.88671404135209
89.68960568950207 101.75452424287141 103.79838574942929 102.40767447446976 93.24187793562571 93.45570283377252 93.57588043637486 96.4922651889839 109.15069395450806 98.51336297917206 98.29694737902098 101.4598517920783 103.90605531240394 99.16620133706476 97.63763880996017 95.59820485614833 96.80737142714509 102.46173231193224 97.66565078489046 101.68703898356353 98.1976659007969 94.68261434053217 96.79758728224537 90.38457677683897 92.04409749703834 103.28902993764137 92.39582890620002 103.77990126327218 101.18802253619081 104.07204878122683 96.33075473211593 106.41189101837658 98.00261515400621 102.87138802852812 108.63351865658537 105.11439770761615 99.16052970776937 105.12892971642289 105.18894011993828 100.692598465071 102.35992890672611 102.91268534313947 101.52278233358072 0.0 101.90734270457567 92.78127559022957 93.70517968452712 98.14345745447878 99.0448153863094 100.81411385409092
