75
0.0 107.42099992967553 100.25536658231918 54.773987331214485 119.79029028595433 60.72815302169754 86.97655412612802 79.73017232738944 37.63205113709154 136.9571054602906 115.60912057155286 134.58257568437932 32.84664016991718 89.78347934672189 62.43009505128575 76.87862201267717 101.65632869554885 96.583112065249 66.48536723165569 85.13661124371667 107.50227460719043 141.20408734183212 57.9179528811896 81.59706156823253 88.00134676382181 96.50953342619368 109.7254432849287 123.93243460447304 129.17923554100213 90.69775843342266 118.07093169801256 110.56016569724522 90.24955655883213 100.24751270964768 107.42099992967553 106.71131961876702 73.07620431890075 87.39646349546138 50.28415560832363 95.07914452909142 111.88585377283468 53.53404578588826 96.03439220306666 110.09042840453272 86.76908770383892 96.88105441795193 112.95440544849865 113.1437557549694 118.21611728583869 88.44709382890183 107.98115339991054 62.43009505128575 79.15892135397117 101.13316071747052 99.67628144286518 76.15171691945068 114.03084807325503 66.29632639517101 152.80817305875252 114.03084807325503 119.79029028595433 101.74925489640908 103.30574610507351 121.41921896382104 74.06736936104792 145.7784636529984 98.06370678789855 128.08247494488106 127.9780491256641 95.87439872263718 112.95440544849865 68.32174942664612 84.3094589195518 46.221049779597124 73.07654202756146
107.42099992967553 0.0 70.17756349895923 104.61470820781305 98.8951710837528 95.87439872263718 63.303359063781386 130.49042633231107 62.527717631751855 105.9585726085666 97.3924239151074 145.61526805331323 143.6720963480232 152.80817305875252 97.00009734188211 88.00134676382181 111.67261008833805 75.09933049091481 94.80948155262209 55.366445695319655 89.78347934672189 116.24871413500045 121.41921896382104 127.78148267622839 60.72815302169754 81.22487045756445 135.5814029901527 70.57070025039954 103.30574610507351 101.52580872464986 82.03128159971104 90.14187448338484 119.23314677773935 98.3529003615253 90.7087961989457 92.64533278868839 120.23968501701103 120.23968501701103 104.61470820781305 126.18602847901259 97.3924239151074 101.74685438644856 101.65632869554885 98.8951710837528 75.60216077538828 141.20408734183212 124.31369590393277 119.02189961140304 141.66693354208462 96.50953342619368 141.20408734183212 59.477401356149 105.81982027345649 83.38884168071687 75.09933049091481 98.94060225023017 103.30574610507351 109.45782774966031 116.24871413500045 145.43143569392916 126.18602847901259 107.98115339991054 94.14532763695216 50.28415560832363 118.24633525823984 87.9234069748453 89.78347934672189 124.31369590393277 70.32087210324688 120.23968501701103 66.48536723165569 119.02189961140304 106.26761885146271 141.20408734183212 104.04425078464617
100.25536658231918 70.17756349895923 0.0 127.37810341486997 98.94060225023017 88.44709382890183 83.90481992158837 99.96403668642837 104.32616919919005 104.61470820781305 107.98115339991054 86.38133381421578 103.63859596083282 118.21611728583869 141.1581622856327 90.69775843342266 79.73017232738944 105.81982027345649 94.14532763695216 91.39076433644256 60.72815302169754 111.94395672784418 125.09318305822418 37.63205113709154 95.87439872263718 112.80345122346779 51.6394645887208 135.5814029901527 86.84732163555456 66.59267558170775 52.79088209610718 92.64533278868839 121.40173211445686 124.99742644497981 119.23314677773935 111.94395672784418 97.00009734188211 134.58257568437932 139.20235025823047 78.97274345067495 100.64137463935253 48.22434896274379 109.45782774966031 115.1226580271284 95.8148915345657 50.28415560832363 98.4729550073738 98.06370678789855 145.43143569392916 87.9234069748453 141.66693354208462 146.77805372235247 93.86083792810757 119.23314677773935 109.70926299309716 94.80948155262209 72.31974397081692 97.00009734188211 88.00134676382181 61.35720278662944 117.19553895570766 136.92170182399695 115.32864473586628 63.94227968167884 96.2822137062108 105.275003294473 68.02194886769333 91.89571931106238 106.71131961876702 73.07654202756146 69.33009489957678 75.86227081066104 87.39646349546138 105.275003294473 110.04133774706159
54.773987331214485 104.61470820781305 127.37810341486997 0.0 78.97274345067495 111.94395672784418 66.92389595527499 118.24633525823984 147.58741696767714 102.39698678989284 131.97733758808698 131.97733758808698 83.90481992158837 75.86227081066104 111.89104295692346 112.66800220007511 75.09933049091481 94.38956613345313 125.94610319218746 124.99742644497981 160.74994410970064 87.60097986502217 121.40173211445686 37.63205113709154 73.60286819756095 160.74994410970064 90.14187448338484 119.02189961140304 91.44837537992731 107.40133040017433 32.8516065872779 97.3924239151074 111.94395672784418 82.02331097332258 94.80948155262209 111.89104295692346 69.32142824062517 63.94227968167884 141.1581622856327 146.17510378837855 147.58741696767714 139.70633665967205 135.1070618452706 68.02194886769333 120.23968501701103 90.7087961989457 38.551033249125965 98.1594899966363 110.39621044990193 91.39076433644256 89.61983323918983 75.60216077538828 88.04064610386166 125.94610319218746 92.85551985434032 89.67521333300922 70.17756349895923 127.352687386106 85.13661124371667 71.26364907328662 32.8516065872779 132.85619254255528 62.764634601907815 63.97097425203895 77.56881740942244 119.23314677773935 126.58103989911842 118.18318151370815 136.92170182399695 103.63859596083282 106.71131961876702 133.47794378245976 105.60795314409255 63.97097425203895 107.40256437448019
119.79029028595433 98.8951710837528 98.94060225023017 78.97274345067495 0.0 125.94610319218746 70.98578258439258 88.44709382890183 79.15892135397117 112.95440544849865 102.39698678989284 112.10869022260638 128.08247494488106 66.48536723165569 105.9585726085666 93.86083792810757 127.352687386106 108.60857276840072 129.17923554100213 112.95440544849865 111.04549812922909 63.97097425203895 96.03439220306666 87.69369686163735 70.17756349895923 97.76851915651054 131.01000317373928 124.99742644497981 105.9585726085666 146.17510378837855 99.57533354722787 58.87535037218598 108.60614474842404 107.40133040017433 111.048201795625 107.12487912445825 89.51201597147103 115.61350560159637 127.86515767550719 107.98115339991054 50.28415560832363 108.32948932862492 66.48536723165569 123.93243460447304 55.366445695319655 96.70933012118323 95.07914452909142 145.7784636529984 112.80345122346779 95.87439872263718 51.6394645887208 125.09318305822418 141.66693354208462 103.77652440575082 70.17756349895923 46.54935407069638 52.79088209610718 105.9585726085666 89.67521333300922 84.83290174531172 101.74685438644856 85.85502610801646 62.764634601907815 103.77652440575082 112.66800220007511 104.32616919919005 88.04064610386166 51.23680595251188 101.74925489640908 109.7254432849287 79.6663568140084 81.59706156823253 128.18505268555816 89.71794631766605 124.93242816323988
60.72815302169754 95.87439872263718 88.44709382890183 111.94395672784418 125.94610319218746 0.0 145.7784636529984 109.7254432849287 112.95440544849865 91.89571931106238 110.39621044990193 136.9571054602906 127.37810341486997 95.1300646461401 98.61064328209697 63.303359063781386 110.09042840453272 110.39621044990193 96.88105441795193 107.42099992967553 72.31974397081692 129.93591208014516 112.10869022260638 111.04549812922909 61.35720278662944 152.80817305875252 150.27956804156995 107.12487912445825 68.32174942664612 70.32087210324688 106.26761885146271 101.52580872464986 86.76908770383892 94.14532763695216 101.20584349475817 56.13167748355565 78.97274345067495 101.20584349475817 59.477401356149 80.04807277362455 97.00009734188211 46.221049779597124 50.28415560832363 99.67628144286518 115.32864473586628 139.20235025823047 80.12947424185393 118.18318151370815 107.98115339991054 111.67261008833805 96.2822137062108 111.67261008833805 146.77805372235247 87.9234069748453 124.99742644497981 111.88585377283468 80.04807277362455 79.73017232738944 106.71131961876702 127.9780491256641 98.94060225023017 115.1226580271284 32.84664016991718 97.46990582349025 87.39646349546138 110.7592576298813 126.58103989911842 118.21611728583869 136.9571054602906 103.77652440575082 130.49042633231107 76.67383125024583 90.7087961989457 100.47818662285779 73.60286819756095
86.97655412612802 63.303359063781386 83.90481992158837 66.92389595527499 70.98578258439258 145.7784636529984 0.0 69.32142824062517 117.22273170514305 63.94227968167884 96.50953342619368 48.22434896274379 124.99742644497981 126.18602847901259 102.39698678989284 126.18602847901259 94.14532763695216 89.78347934672189 73.07620431890075 125.62536764146807 96.71030448970437 129.17923554100213 89.51201597147103 121.40173211445686 90.7087961989457 123.93243460447304 72.31974397081692 92.49951160058384 96.583112065249 135.5814029901527 121.40173211445686 127.37810341486997 115.32864473586628 92.49951160058384 87.29957505037686 76.15171691945068 53.05468409166306 107.98115339991054 89.67521333300922 91.44837537992731 68.86073658941373 92.64533278868839 96.71030448970437 73.07620431890075 125.09318305822418 97.46990582349025 63.94227968167884 110.04133774706159 92.85551985434032 129.34380213139173 146.77805372235247 116.84140338084329 104.32616919919005 93.86083792810757 95.07914452909142 127.9780491256641 90.17177330164867 103.63859596083282 82.02331097332258 62.527717631751855 143.6720963480232 91.39076433644256 125.62536764146807 70.32087210324688 84.83290174531172 109.7254432849287 94.38956613345313 143.6720963480232 141.20408734183212 96.583112065249 98.4729550073738 127.352687386106 116.84140338084329 90.24955655883213 104.61470820781305
79.73017232738944 130.49042633231107 99.96403668642837 118.24633525823984 88.44709382890183 109.7254432849287 69.32142824062517 0.0 81.23907508275754 139.04486331523105 77.56881740942244 87.9234069748453 68.86073658941373 124.31369590393277 76.87862201267717 113.1437557549694 147.85261748911972 131.01000317373928 145.61526805331323 73.07654202756146 106.71131961876702 160.74994410970064 106.11676476201956 99.67628144286518 137.43071777443734 94.38956613345313 132.85619254255528 98.06370678789855 97.00009734188211 55.366445695319655 141.1581622856327 60.72815302169754 109.70926299309716 107.42099992967553 63.303359063781386 79.6663568140084 110.56016569724522 139.04486331523105 109.45782774966031 133.47794378245976 106.11676476201956 87.79088106922775 66.48536723165569 125.62536764146807 82.02331097332258 91.44837537992731 113.1437557549694 146.77805372235247 89.78347934672189 63.97097425203895 69.33009489957678 46.54935407069638 88.67895761375334 91.89571931106238 96.70933012118323 80.04807277362455 83.0590565661311 105.81982027345649 129.93591208014516 108.6209184828293 118.21611728583869 125.09318305822418 133.47794378245976 69.33009489957678 119.02189961140304 72.2655303454989 72.2655303454989 48.22434896274379 70.98578258439258 73.60286819756095 32.84664016991718 108.6209184828293 160.74994410970064 112.99435976327834 32.8516065872779
37.63205113709154 62.527717631751855 104.32616919919005 147.58741696767714 79.15892135397117 112.95440544849865 117.22273170514305 81.23907508275754 0.0 97.76851915651054 87.79088106922775 66.92389595527499 137.43071777443734 72.2655303454989 98.06370678789855 121.40173211445686 100.1290165454071 105.9585726085666 30.26951404465234 98.1594899966363 111.04549812922909 110.56016569724522 118.21611728583869 141.20408734183212 118.21611728583869 100.1290165454071 130.49042633231107 66.48536723165569 99.67628144286518 100.47818662285779 105.81982027345649 125.09318305822418 118.21611728583869 127.352687386106 130.49042633231107 131.97733758808698 78.97274345067495 96.03439220306666 127.9780491256641 103.77652440575082 96.583112065249 119.79029028595433 110.7592576298813 90.14187448338484 59.477401356149 89.78347934672189 105.60795314409255 60.72815302169754 117.19553895570766 126.58103989911842 97.00009734188211 91.93496717286554 88.44709382890183 105.275003294473 141.66693354208462 86.38133381421578 103.30574610507351 152.80817305875252 37.63205113709154 114.03084807325503 73.07654202756146 127.352687386106 86.38133381421578 66.29632639517101 129.93591208014516 86.05726014255646 86.84732163555456 105.275003294473 87.81057418621454 70.32087210324688 87.60097986502217 96.50953342619368 38.551033249125965 51.6394645887208 68.32174942664612
136.9571054602906 105.9585726085666 104.61470820781305 102.39698678989284 112.95440544849865 91.89571931106238 63.94227968167884 139.04486331523105 97.76851915651054 0.0 94.14532763695216 145.7784636529984 97.00009734188211 104.32616919919005 63.303359063781386 90.17177330164867 86.38133381421578 109.70926299309716 101.20584349475817 93.86083792810757 110.56016569724522 76.67383125024583 66.59267558170775 92.49951160058384 86.76908770383892 110.09042840453272 91.39076433644256 146.17510378837855 70.17756349895923 111.67261008833805 95.1300646461401 87.9234069748453 104.04425078464617 82.03128159971104 100.1290165454071 133.47794378245976 96.88105441795193 147.85261748911972 130.49042633231107 152.80817305875252 118.09061843351962 96.88105441795193 103.47267516357712 88.04064610386166 89.51201597147103 90.14187448338484 66.29632639517101 89.51201597147103 83.0590565661311 96.03439220306666 87.81057418621454 136.9571054602906 111.67261008833805 98.3529003615253 82.03128159971104 96.70933012118323 131.12416475403407 108.6209184828293 76.87862201267717 66.32218352195474 99.67628144286518 92.49951160058384 107.34021453212904 94.71625295088747 89.61983323918983 91.39076433644256 107.12487912445825 57.9179528811896 143.6720963480232 109.70926299309716 90.67915575820514 70.57070025039954 81.59706156823253 134.58257568437932 145.61526805331323
115.60912057155286 97.3924239151074 107.98115339991054 131.97733758808698 102.39698678989284 110.39621044990193 96.50953342619368 77.56881740942244 87.79088106922775 94.14532763695216 0.0 101.20584349475817 96.50953342619368 117.61928155895544 112.99435976327834 80.12947424185393 89.69463772892628 32.8516065872779 82.03128159971104 104.61470820781305 143.6720963480232 89.67521333300922 104.32616919919005 135.5814029901527 112.95440544849865 103.47267516357712 112.66800220007511 137.43071777443734 134.58257568437932 81.23907508275754 111.67261008833805 97.76851915651054 112.10869022260638 112.10869022260638 70.32087210324688 84.3094589195518 98.1594899966363 87.79088106922775 116.24871413500045 66.48536723165569 91.89571931106238 130.49042633231107 118.09061843351962 89.71794631766605 101.20584349475817 127.78148267622839 99.57533354722787 105.60795314409255 94.71625295088747 101.74925489640908 38.551033249125965 116.24871413500045 107.12487912445825 62.527717631751855 101.52580872464986 88.44709382890183 108.60614474842404 84.83290174531172 130.49042633231107 107.98115339991054 73.60286819756095 51.23680595251188 37.63205113709154 70.57070025039954 141.66693354208462 77.56881740942244 107.40256437448019 95.87439872263718 107.34021453212904 145.61526805331323 101.20584349475817 146.17510378837855 96.2822137062108 119.79029028595433 90.69775843342266
134.58257568437932 145.61526805331323 86.38133381421578 131.97733758808698 112.10869022260638 136.9571054602906 48.22434896274379 87.9234069748453 66.92389595527499 145.7784636529984 101.20584349475817 0.0 97.00009734188211 145.61526805331323 109.45782774966031 116.24871413500045 129.22934893635798 81.23907508275754 66.92389595527499 90.67915575820514 81.22487045756445 91.93496717286554 125.94610319218746 88.04064610386166 99.67628144286518 38.551033249125965 108.6209184828293 100.25536658231918 108.6209184828293 80.12947424185393 98.4729550073738 57.9179528811896 101.13316071747052 94.14532763695216 107.12487912445825 127.37810341486997 126.58103989911842 132.85619254255528 53.05468409166306 100.47818662285779 83.38884168071687 53.05468409166306 110.39621044990193 109.28260526627272 96.71030448970437 54.773987331214485 90.67915575820514 50.28415560832363 99.57533354722787 85.13661124371667 90.14187448338484 95.8148915345657 125.62536764146807 76.87862201267717 106.26761885146271 32.8516065872779 105.60795314409255 103.77652440575082 94.71625295088747 118.21611728583869 87.79088106922775 81.23907508275754 98.4729550073738 106.71131961876702 55.040599604336954 111.67261008833805 66.48536723165569 101.65632869554885 101.13316071747052 52.79088209610718 87.69369686163735 84.83290174531172 83.0590565661311 131.97733758808698 131.97733758808698
32.84664016991718 143.6720963480232 103.63859596083282 83.90481992158837 128.08247494488106 127.37810341486997 124.99742644497981 68.86073658941373 137.43071777443734 97.00009734188211 96.50953342619368 97.00009734188211 0.0 83.99793890607988 115.61350560159637 48.22434896274379 118.18318151370815 106.26761885146271 145.61526805331323 87.81057418621454 96.70933012118323 137.43071777443734 145.7784636529984 129.22934893635798 79.73017232738944 99.67628144286518 96.583112065249 134.58257568437932 82.02331097332258 108.32948932862492 74.06736936104792 144.81125571072278 97.00009734188211 82.02331097332258 48.22434896274379 66.59267558170775 104.61470820781305 46.221049779597124 66.29632639517101 146.77805372235247 97.76851915651054 148.37140431044756 81.59706156823253 104.32616919919005 75.60216077538828 141.1581622856327 86.84732163555456 37.63205113709154 113.1437557549694 100.25536658231918 98.4729550073738 83.99793890607988 46.221049779597124 91.39076433644256 66.59267558170775 63.303359063781386 83.90481992158837 87.79088106922775 83.38884168071687 133.47794378245976 81.23907508275754 146.77805372235247 111.67261008833805 150.27956804156995 37.63205113709154 135.5814029901527 118.18318151370815 90.67915575820514 119.79029028595433 74.06736936104792 37.63205113709154 141.20408734183212 103.47267516357712 131.01000317373928 126.18602847901259
89.78347934672189 152.80817305875252 118.21611728583869 75.86227081066104 66.48536723165569 95.1300646461401 126.18602847901259 124.31369590393277 72.2655303454989 104.32616919919005 117.61928155895544 145.61526805331323 83.99793890607988 0.0 80.27031441980776 88.04064610386166 124.31369590393277 107.40133040017433 80.27031441980776 87.29957505037686 62.43009505128575 126.18602847901259 90.69775843342266 105.60795314409255 62.43009505128575 53.53404578588826 145.7784636529984 118.21611728583869 91.44837537992731 81.23907508275754 109.45782774966031 145.61526805331323 77.56881740942244 71.26364907328662 145.7784636529984 141.1581622856327 131.97733758808698 97.3924239151074 52.79088209610718 89.78347934672189 87.79088106922775 115.32864473586628 111.048201795625 152.80817305875252 87.39646349546138 70.32087210324688 160.74994410970064 89.67521333300922 89.61983323918983 94.14532763695216 110.7592576298813 73.07654202756146 160.74994410970064 73.07654202756146 70.32087210324688 84.3094589195518 115.1226580271284 88.04064610386166 98.1594899966363 70.57070025039954 106.11676476201956 77.56881740942244 108.32948932862492 68.02194886769333 53.05468409166306 102.39698678989284 85.13661124371667 101.74685438644856 91.39076433644256 125.09318305822418 88.04064610386166 94.14532763695216 107.98115339991054 83.0590565661311 81.59706156823253
62.43009505128575 97.00009734188211 141.1581622856327 111.89104295692346 105.9585726085666 98.61064328209697 102.39698678989284 76.87862201267717 98.06370678789855 63.303359063781386 112.99435976327834 109.45782774966031 115.61350560159637 80.27031441980776 0.0 107.12487912445825 79.73017232738944 80.04807277362455 102.39698678989284 51.23680595251188 46.221049779597124 112.95440544849865 100.25536658231918 136.67717046932182 136.92170182399695 112.99435976327834 107.34021453212904 116.24871413500045 87.81057418621454 90.14187448338484 115.1226580271284 108.32948932862492 97.76851915651054 106.11676476201956 147.85261748911972 96.03439220306666 83.90481992158837 152.80817305875252 118.24633525823984 59.477401356149 139.70633665967205 110.39621044990193 160.74994410970064 111.88585377283468 107.40133040017433 100.24751270964768 110.09042840453272 112.80345122346779 103.63859596083282 117.19553895570766 127.9780491256641 110.7592576298813 136.67717046932182 86.05726014255646 83.0590565661311 117.19553895570766 137.43071777443734 121.60671772359979 70.57070025039954 94.80948155262209 145.43143569392916 81.59706156823253 104.61470820781305 144.81125571072278 85.85502610801646 115.1226580271284 66.59267558170775 130.49042633231107 105.275003294473 96.71030448970437 127.78148267622839 88.04064610386166 116.24871413500045 109.45782774966031 97.00009734188211
76.87862201267717 88.00134676382181 90.69775843342266 112.66800220007511 93.86083792810757 63.303359063781386 126.18602847901259 113.1437557549694 121.40173211445686 90.17177330164867 80.12947424185393 116.24871413500045 48.22434896274379 88.04064610386166 107.12487912445825 0.0 129.17923554100213 127.86515767550719 76.15171691945068 111.048201795625 89.67521333300922 115.1226580271284 37.63205113709154 95.87439872263718 86.97655412612802 89.51201597147103 98.94060225023017 107.12487912445825 80.27031441980776 38.551033249125965 90.7087961989457 98.06370678789855 125.62536764146807 46.54935407069638 98.94060225023017 83.0590565661311 99.67628144286518 79.73017232738944 121.40173211445686 127.78148267622839 86.76908770383892 63.94227968167884 80.12947424185393 30.26951404465234 85.13661124371667 135.1070618452706 82.03128159971104 52.79088209610718 89.51201597147103 97.3924239151074 118.61648476856465 92.85551985434032 69.33009489957678 51.6394645887208 112.99435976327834 139.70633665967205 87.60097986502217 150.27956804156995 124.99742644497981 112.80345122346779 124.93242816323988 121.40173211445686 104.32616919919005 106.11676476201956 100.47818662285779 96.583112065249 107.50227460719043 111.67261008833805 92.85551985434032 69.33009489957678 131.01000317373928 90.17177330164867 63.97097425203895 109.45782774966031 97.3924239151074
101.65632869554885 111.67261008833805 79.73017232738944 75.09933049091481 127.352687386106 110.09042840453272 94.14532763695216 147.85261748911972 100.1290165454071 86.38133381421578 89.69463772892628 129.22934893635798 118.18318151370815 124.31369590393277 79.73017232738944 129.17923554100213 0.0 91.93496717286554 79.73017232738944 111.89104295692346 95.8148915345657 135.1070618452706 95.8148915345657 100.24751270964768 75.60216077538828 83.99793890607988 76.15171691945068 75.60216077538828 79.6663568140084 88.67895761375334 103.30574610507351 126.18602847901259 129.93591208014516 95.07914452909142 77.56881740942244 89.69463772892628 87.81057418621454 94.38956613345313 70.98578258439258 145.61526805331323 79.15892135397117 79.73017232738944 83.99793890607988 87.79088106922775 111.94395672784418 87.69369686163735 145.61526805331323 84.83290174531172 107.12487912445825 94.71625295088747 107.50227460719043 103.63859596083282 110.04133774706159 127.78148267622839 110.09042840453272 106.26761885146271 71.26364907328662 52.79088209610718 144.81125571072278 66.59267558170775 55.040599604336954 120.23968501701103 118.07093169801256 88.04064610386166 118.07093169801256 108.6209184828293 73.60286819756095 118.24633525823984 110.7592576298813 146.77805372235247 96.88105441795193 127.37810341486997 108.39270116809246 137.43071777443734 80.27031441980776
96.583112065249 75.09933049091481 105.81982027345649 94.38956613345313 108.60857276840072 110.39621044990193 89.78347934672189 131.01000317373928 105.9585726085666 109.70926299309716 32.8516065872779 81.23907508275754 106.26761885146271 107.40133040017433 80.04807277362455 127.86515767550719 91.93496717286554 0.0 56.13167748355565 69.32142824062517 111.048201795625 79.73017232738944 160.74994410970064 88.00134676382181 97.00009734188211 85.39779529965087 52.79088209610718 95.8148915345657 96.88105441795193 78.97274345067495 87.69369686163735 89.51201597147103 79.73017232738944 101.74925489640908 66.92389595527499 76.15171691945068 148.37140431044756 75.86227081066104 108.60614474842404 98.3529003615253 101.52580872464986 105.9585726085666 106.26761885146271 109.7254432849287 146.17510378837855 90.7087961989457 70.98578258439258 121.40173211445686 87.9234069748453 95.8148915345657 107.42099992967553 63.94227968167884 32.8516065872779 63.303359063781386 87.9234069748453 76.67383125024583 101.52580872464986 111.94395672784418 143.6720963480232 109.45782774966031 30.26951404465234 105.81982027345649 81.59706156823253 117.61928155895544 128.18505268555816 96.71030448970437 111.67261008833805 68.02194886769333 106.11676476201956 145.61526805331323 96.583112065249 100.25536658231918 70.98578258439258 104.04425078464617 112.66800220007511
66.48536723165569 94.80948155262209 94.14532763695216 125.94610319218746 129.17923554100213 96.88105441795193 73.07620431890075 145.61526805331323 30.26951404465234 101.20584349475817 82.03128159971104 66.92389595527499 145.61526805331323 80.27031441980776 102.39698678989284 76.15171691945068 79.73017232738944 56.13167748355565 0.0 79.06715502547854 139.04486331523105 115.1226580271284 91.39076433644256 79.15892135397117 127.78148267622839 56.13167748355565 134.58257568437932 46.54935407069638 63.97097425203895 72.31974397081692 77.56881740942244 111.048201795625 112.10869022260638 125.94610319218746 106.71131961876702 116.24871413500045 87.9234069748453 88.04064610386166 85.39779529965087 92.85551985434032 87.39646349546138 110.7592576298813 46.54935407069638 118.21611728583869 82.02331097332258 87.60097986502217 92.85551985434032 136.9571054602906 129.34380213139173 66.48536723165569 54.773987331214485 108.60857276840072 84.3094589195518 56.13167748355565 96.583112065249 69.32142824062517 128.18505268555816 125.94610319218746 121.40173211445686 121.60671772359979 78.97274345067495 90.14187448338484 146.77805372235247 73.07654202756146 93.86083792810757 93.86083792810757 126.18602847901259 121.60671772359979 135.5814029901527 141.66693354208462 107.34021453212904 147.58741696767714 87.39646349546138 32.84664016991718 128.18505268555816
85.13661124371667 55.366445695319655 91.39076433644256 124.99742644497981 112.95440544849865 107.42099992967553 125.62536764146807 73.07654202756146 98.1594899966363 93.86083792810757 104.61470820781305 90.67915575820514 87.81057418621454 87.29957505037686 51.23680595251188 111.048201795625 111.89104295692346 69.32142824062517 79.06715502547854 0.0 107.34021453212904 86.76908770383892 63.97097425203895 101.52580872464986 97.76851915651054 97.3924239151074 112.95440544849865 72.2655303454989 54.773987331214485 73.07654202756146 48.22434896274379 129.34380213139173 91.44837537992731 78.97274345067495 127.86515767550719 94.80948155262209 73.07654202756146 70.32087210324688 119.02189961140304 118.09061843351962 160.74994410970064 104.61470820781305 88.04064610386166 66.48536723165569 73.07654202756146 87.79088106922775 124.31369590393277 91.89571931106238 97.46990582349025 116.24871413500045 146.77805372235247 129.22934893635798 97.76851915651054 97.76851915651054 61.35720278662944 119.79029028595433 148.37140431044756 89.61983323918983 89.67521333300922 86.76908770383892 89.51201597147103 76.15171691945068 74.06736936104792 132.85619254255528 126.18602847901259 136.92170182399695 129.93591208014516 129.93591208014516 79.73017232738944 89.69463772892628 93.86083792810757 111.048201795625 79.15892135397117 76.67383125024583 89.78347934672189
107.50227460719043 89.78347934672189 60.72815302169754 160.74994410970064 111.04549812922909 72.31974397081692 96.71030448970437 106.71131961876702 111.04549812922909 110.56016569724522 143.6720963480232 81.22487045756445 96.70933012118323 62.43009505128575 46.221049779597124 89.67521333300922 95.8148915345657 111.048201795625 139.04486331523105 107.34021453212904 0.0 105.9585726085666 90.17177330164867 88.04064610386166 53.53404578588826 79.06715502547854 137.43071777443734 111.89104295692346 98.8951710837528 86.05726014255646 83.99793890607988 108.39270116809246 63.97097425203895 89.78347934672189 79.73017232738944 102.39698678989284 121.40173211445686 129.22934893635798 66.32218352195474 66.48536723165569 87.29957505037686 115.32864473586628 124.93242816323988 135.1070618452706 127.78148267622839 113.1437557549694 96.50953342619368 105.81982027345649 134.58257568437932 109.45782774966031 128.08247494488106 62.764634601907815 69.32142824062517 94.38956613345313 135.5814029901527 94.38956613345313 115.32864473586628 115.1226580271284 70.32087210324688 89.69463772892628 79.15892135397117 69.33009489957678 106.11676476201956 88.00134676382181 80.04807277362455 108.60614474842404 96.70933012118323 77.56881740942244 136.67717046932182 70.17756349895923 97.46990582349025 91.39076433644256 112.99435976327834 55.040599604336954 66.59267558170775
141.20408734183212 116.24871413500045 111.94395672784418 87.60097986502217 63.97097425203895 129.93591208014516 129.17923554100213 160.74994410970064 110.56016569724522 76.67383125024583 89.67521333300922 91.93496717286554 137.43071777443734 126.18602847901259 112.95440544849865 115.1226580271284 135.1070618452706 79.73017232738944 115.1226580271284 86.76908770383892 105.9585726085666 0.0 106.11676476201956 105.81982027345649 88.04064610386166 58.87535037218598 109.70926299309716 70.57070025039954 73.07620431890075 107.40256437448019 94.38956613345313 90.14187448338484 89.51201597147103 160.74994410970064 98.4729550073738 103.77652440575082 85.39779529965087 75.86227081066104 95.1300646461401 117.19553895570766 104.61470820781305 53.53404578588826 96.71030448970437 101.74685438644856 129.34380213139173 95.87439872263718 72.2655303454989 98.06370678789855 73.07654202756146 81.23907508275754 121.40173211445686 125.94610319218746 127.9780491256641 76.42310188716097 91.44837537992731 61.35720278662944 116.24871413500045 70.98578258439258 96.88105441795193 125.94610319218746 116.24871413500045 101.20584349475817 50.28415560832363 63.94227968167884 141.1581622856327 80.12947424185393 87.9234069748453 131.12416475403407 113.1437557549694 130.49042633231107 76.87862201267717 88.67895761375334 92.85551985434032 148.37140431044756 68.02194886769333
57.9179528811896 121.41921896382104 125.09318305822418 121.40173211445686 96.03439220306666 112.10869022260638 89.51201597147103 106.11676476201956 118.21611728583869 66.59267558170775 104.32616919919005 125.94610319218746 145.7784636529984 90.69775843342266 100.25536658231918 37.63205113709154 95.8148915345657 160.74994410970064 91.39076433644256 63.97097425203895 90.17177330164867 106.11676476201956 0.0 76.42310188716097 90.17177330164867 98.06370678789855 91.89571931106238 86.97655412612802 129.93591208014516 160.74994410970064 79.06715502547854 99.67628144286518 76.67383125024583 118.24633525823984 112.80345122346779 135.5814029901527 103.77652440575082 107.34021453212904 135.5814029901527 86.84732163555456 118.21611728583869 68.02194886769333 132.85619254255528 107.40256437448019 84.83290174531172 119.02189961140304 135.5814029901527 76.42310188716097 37.63205113709154 103.63859596083282 97.46990582349025 101.52580872464986 96.2822137062108 100.47818662285779 111.048201795625 106.71131961876702 110.04133774706159 94.80948155262209 116.84140338084329 107.12487912445825 111.048201795625 66.92389595527499 98.1594899966363 85.13661124371667 112.80345122346779 103.77652440575082 87.81057418621454 66.48536723165569 70.17756349895923 61.35720278662944 70.32087210324688 139.04486331523105 93.86083792810757 77.56881740942244 129.17923554100213
81.59706156823253 127.78148267622839 37.63205113709154 37.63205113709154 87.69369686163735 111.04549812922909 121.40173211445686 99.67628144286518 141.20408734183212 92.49951160058384 135.5814029901527 88.04064610386166 129.22934893635798 105.60795314409255 136.67717046932182 95.87439872263718 100.24751270964768 88.00134676382181 79.15892135397117 101.52580872464986 88.04064610386166 105.81982027345649 76.42310188716097 0.0 91.39076433644256 110.56016569724522 100.1290165454071 100.64137463935253 66.59267558170775 79.6663568140084 80.27031441980776 105.9585726085666 139.20235025823047 63.303359063781386 107.50227460719043 96.03439220306666 109.70926299309716 87.69369686163735 123.93243460447304 73.07620431890075 121.41921896382104 101.52580872464986 98.4729550073738 69.32142824062517 101.65632869554885 121.41921896382104 80.12947424185393 111.04549812922909 112.80345122346779 141.20408734183212 66.32218352195474 129.17923554100213 90.67915575820514 139.20235025823047 107.34021453212904 141.20408734183212 116.24871413500045 131.01000317373928 58.87535037218598 104.61470820781305 88.67895761375334 129.22934893635798 85.39779529965087 116.24871413500045 88.04064610386166 106.11676476201956 85.85502610801646 89.71794631766605 76.42310188716097 141.20408734183212 92.49951160058384 55.040599604336954 135.5814029901527 32.84664016991718 107.98115339991054
88.00134676382181 60.72815302169754 95.87439872263718 73.60286819756095 70.17756349895923 61.35720278662944 90.7087961989457 137.43071777443734 118.21611728583869 86.76908770383892 112.95440544849865 99.67628144286518 79.73017232738944 62.43009505128575 136.92170182399695 86.97655412612802 75.60216077538828 97.00009734188211 127.78148267622839 97.76851915651054 53.53404578588826 88.04064610386166 90.17177330164867 91.39076433644256 0.0 73.07654202756146 68.32174942664612 141.66693354208462 92.49951160058384 132.85619254255528 103.30574610507351 87.81057418621454 90.7087961989457 127.37810341486997 152.80817305875252 55.040599604336954 73.60286819756095 86.84732163555456 126.58103989911842 94.38956613345313 76.15171691945068 109.28260526627272 147.85261748911972 96.50953342619368 79.06715502547854 79.06715502547854 108.32948932862492 117.61928155895544 99.96403668642837 112.80345122346779 102.39698678989284 104.32616919919005 97.00009734188211 144.81125571072278 128.18505268555816 71.26364907328662 72.2655303454989 98.3529003615253 100.24751270964768 86.38133381421578 110.09042840453272 59.477401356149 127.352687386106 107.40256437448019 127.352687386106 145.61526805331323 111.048201795625 160.74994410970064 55.366445695319655 83.90481992158837 55.040599604336954 98.94060225023017 112.66800220007511 46.54935407069638 97.46990582349025
96.50953342619368 81.22487045756445 112.80345122346779 160.74994410970064 97.76851915651054 152.80817305875252 123.93243460447304 94.38956613345313 100.1290165454071 110.09042840453272 103.47267516357712 38.551033249125965 99.67628144286518 53.53404578588826 112.99435976327834 89.51201597147103 83.99793890607988 85.39779529965087 56.13167748355565 97.3924239151074 79.06715502547854 58.87535037218598 98.06370678789855 110.56016569724522 73.07654202756146 0.0 116.84140338084329 93.86083792810757 110.09042840453272 66.29632639517101 124.31369590393277 90.24955655883213 136.67717046932182 75.86227081066104 100.47818662285779 96.70933012118323 108.32948932862492 52.79088209610718 53.05468409166306 72.31974397081692 91.89571931106238 107.50227460719043 110.04133774706159 99.96403668642837 53.05468409166306 160.74994410970064 89.78347934672189 96.03439220306666 131.97733758808698 112.66800220007511 111.88585377283468 121.40173211445686 92.49951160058384 146.17510378837855 101.74685438644856 112.95440544849865 143.6720963480232 70.57070025039954 118.09061843351962 136.92170182399695 109.45782774966031 115.61350560159637 105.275003294473 103.77652440575082 125.94610319218746 111.88585377283468 143.6720963480232 90.24955655883213 84.3094589195518 105.9585726085666 98.8951710837528 58.87535037218598 87.81057418621454 126.18602847901259 85.13661124371667
109.7254432849287 135.5814029901527 51.6394645887208 90.14187448338484 131.01000317373928 150.27956804156995 72.31974397081692 132.85619254255528 130.49042633231107 91.39076433644256 112.66800220007511 108.6209184828293 96.583112065249 145.7784636529984 107.34021453212904 98.94060225023017 76.15171691945068 52.79088209610718 134.58257568437932 112.95440544849865 137.43071777443734 109.70926299309716 91.89571931106238 100.1290165454071 68.32174942664612 116.84140338084329 0.0 92.85551985434032 69.32142824062517 133.47794378245976 105.275003294473 86.38133381421578 112.80345122346779 70.32087210324688 92.49951160058384 80.27031441980776 71.26364907328662 73.07620431890075 97.76851915651054 100.1290165454071 100.1290165454071 115.61350560159637 110.09042840453272 83.90481992158837 101.74685438644856 128.08247494488106 96.03439220306666 87.81057418621454 68.86073658941373 100.64137463935253 92.64533278868839 125.62536764146807 126.58103989911842 92.85551985434032 131.12416475403407 108.32948932862492 88.04064610386166 127.78148267622839 78.97274345067495 105.9585726085666 87.60097986502217 116.84140338084329 90.14187448338484 132.85619254255528 92.64533278868839 111.88585377283468 62.43009505128575 76.42310188716097 79.15892135397117 145.61526805331323 63.97097425203895 110.56016569724522 115.60912057155286 86.76908770383892 104.32616919919005
123.93243460447304 70.57070025039954 135.5814029901527 119.02189961140304 124.99742644497981 107.12487912445825 92.49951160058384 98.06370678789855 66.48536723165569 146.17510378837855 137.43071777443734 100.25536658231918 134.58257568437932 118.21611728583869 116.24871413500045 107.12487912445825 75.60216077538828 95.8148915345657 46.54935407069638 72.2655303454989 111.89104295692346 70.57070025039954 86.97655412612802 100.64137463935253 141.66693354208462 93.86083792810757 92.85551985434032 0.0 145.7784636529984 103.63859596083282 92.85551985434032 51.23680595251188 115.1226580271284 94.80948155262209 88.67895761375334 134.58257568437932 110.7592576298813 96.583112065249 117.22273170514305 128.08247494488106 110.7592576298813 90.17177330164867 109.70926299309716 61.35720278662944 66.32218352195474 117.22273170514305 90.17177330164867 88.44709382890183 58.87535037218598 75.09933049091481 32.8516065872779 89.71794631766605 112.95440544849865 146.17510378837855 128.18505268555816 98.8951710837528 83.99793890607988 99.57533354722787 85.85502610801646 73.07620431890075 104.04425078464617 32.84664016991718 63.97097425203895 100.24751270964768 103.77652440575082 66.59267558170775 81.23907508275754 121.60671772359979 55.366445695319655 92.64533278868839 70.57070025039954 118.61648476856465 118.18318151370815 62.43009505128575 101.74685438644856
129.17923554100213 103.30574610507351 86.84732163555456 91.44837537992731 105.9585726085666 68.32174942664612 96.583112065249 97.00009734188211 99.67628144286518 70.17756349895923 134.58257568437932 108.6209184828293 82.02331097332258 91.44837537992731 87.81057418621454 80.27031441980776 79.6663568140084 96.88105441795193 63.97097425203895 54.773987331214485 98.8951710837528 73.07620431890075 129.93591208014516 66.59267558170775 92.49951160058384 110.09042840453272 69.32142824062517 145.7784636529984 0.0 76.87862201267717 107.40256437448019 131.97733758808698 79.6663568140084 116.24871413500045 90.17177330164867 113.1437557549694 106.71131961876702 137.43071777443734 98.8951710837528 107.40133040017433 115.1226580271284 79.06715502547854 115.32864473586628 108.60857276840072 136.9571054602906 110.09042840453272 87.39646349546138 141.20408734183212 96.71030448970437 130.49042633231107 59.477401356149 70.57070025039954 83.0590565661311 61.35720278662944 73.07620431890075 100.47818662285779 82.44786442154391 83.99793890607988 85.85502610801646 66.29632639517101 100.1290165454071 93.02806811334553 110.7592576298813 116.84140338084329 61.35720278662944 59.477401356149 94.14532763695216 91.93496717286554 115.61350560159637 112.80345122346779 76.67383125024583 66.92389595527499 90.17177330164867 127.78148267622839 131.01000317373928
