25
0.0 114.90103414421284 101.910458640714 42.51021173007599 93.88306596517796 105.16114928405865 129.589297973871 134.63839565370012 83.72472794841545 112.77583138633067 117.10529891532315 76.349941039728 67.00623580161314 76.71805442878427 76.86360399791204 139.24145113349994 86.58099900543851 108.05136429807712 116.68023657869449 98.10003714025649 117.09917203399925 62.43855750605914 42.51021173007599 117.10529891532315 110.29416886197032
114.90103414421284 0.0 120.60796060302063 106.73347412839004 106.73347412839004 105.74025813261647 102.25149279176448 118.01098726121549 86.46902977016066 92.51021328152483 143.50164037902434 113.09823018169988 79.44722903213162 99.78278596909219 109.40810123147716 134.10342921658878 106.31981325570662 109.59426994631464 81.39193616374088 100.43571568766657 94.60934494112331 29.147891068732307 91.44839660379347 113.2410226979668 134.10342921658878
101.910458640714 120.60796060302063 0.0 129.87768077868637 73.11979562220075 67.00727322890248 106.64738575796119 143.50164037902434 139.1256119855347 64.36977426324847 129.769948283681 113.69767362533524 115.73428608032309 98.46894049548133 101.910458640714 100.6079776357151 114.90103414421284 113.2410226979668 109.71436436131876 76.86360399791204 73.11979562220075 113.2410226979668 118.01098726121549 63.48355120517922 112.33562536311214
42.51021173007599 106.73347412839004 129.87768077868637 0.0 109.59426994631464 90.23085920392082 117.10529891532315 120.95354880614553 91.44839660379347 109.40810123147716 139.05067673714746 106.31981325570662 76.71805442878427 77.25456141068523 139.24145113349994 116.4520687646931 85.20852183516175 67.00623580161314 153.75132893078975 117.09917203399925 84.53848632242979 129.589297973871 91.38816524106869 93.10735900371158 87.21288486054826
93.88306596517796 106.73347412839004 73.11979562220075 109.59426994631464 0.0 98.02527465031602 76.71805442878427 98.02527465031602 128.1521304237163 100.43571568766657 129.85277179331985 81.39193616374088 101.910458640714 76.42364726080837 110.29416886197032 109.59426994631464 87.21288486054826 114.90103414421284 134.10342921658878 91.0305949046145 29.147891068732307 113.2410226979668 68.46225964898686 101.910458640714 96.48181480572977
105.16114928405865 105.74025813261647 67.00727322890248 90.23085920392082 98.02527465031602 0.0 98.96755801997352 99.78278596909219 108.6168874342336 96.48181480572977 108.6168874342336 127.6558224136009 23.16751926514526 113.09823018169988 120.95354880614553 124.34979576774644 121.63488791235325 61.395056252273484 109.40810123147716 128.2660437508231 113.09823018169988 67.00623580161314 129.87768077868637 129.85277179331985 94.60934494112331
129.589297973871 102.25149279176448 106.64738575796119 117.10529891532315 76.71805442878427 98.96755801997352 0.0 110.29009672454792 119.71948332036347 100.6079776357151 119.41752915174625 110.29416886197032 119.99037365181958 120.60796060302063 164.2145091378785 110.29009672454792 62.43855750605914 78.69483586886315 76.7884525152935 127.6558224136009 116.1417461751942 67.00727322890248 116.1417461751942 106.31981325570662 132.60609379938813
134.63839565370012 118.01098726121549 143.50164037902434 120.95354880614553 98.02527465031602 99.78278596909219 110.29009672454792 0.0 98.7952638877583 89.74618324922959 62.32057346879932 82.38515373844729 106.64738575796119 129.589297973871 63.48355120517922 117.09917203399925 80.1012167849306 103.64128216503886 164.2145091378785 115.47161675832218 89.74618324922959 110.29416886197032 98.96755801997352 104.9862118027679 108.81376178366592
83.72472794841545 86.46902977016066 139.1256119855347 91.44839660379347 128.1521304237163 108.6168874342336 119.71948332036347 98.7952638877583 0.0 90.23085920392082 124.34979576774644 93.88306596517796 62.43855750605914 67.00623580161314 101.910458640714 103.64128216503886 108.05136429807712 73.59565807523968 129.769948283681 85.20852183516175 119.99037365181958 60.703894769624625 98.96755801997352 78.69483586886315 89.12764429385822
112.77583138633067 92.51021328152483 64.36977426324847 109.40810123147716 100.43571568766657 96.48181480572977 100.6079776357151 89.74618324922959 90.23085920392082 0.0 89.12636803557038 105.74025813261647 73.59565807523968 119.47067206309836 79.44722903213162 86.46902977016066 106.31981325570662 112.77583138633067 98.96755801997352 59.30196689766625 108.05136429807712 126.80246073938876 89.12764429385822 89.12636803557038 98.7952638877583
117.10529891532315 143.50164037902434 129.769948283681 139.05067673714746 129.85277179331985 108.6168874342336 119.41752915174625 62.32057346879932 124.34979576774644 89.12636803557038 0.0 105.16114928405865 109.59426994631464 116.68023657869449 126.80246073938876 148.77520252911657 117.10529891532315 111.12383193298666 113.09823018169988 130.7514454470633 42.51021173007599 62.32057346879932 105.16114928405865 89.12636803557038 84.53848632242979
76.349941039728 113.09823018169988 113.69767362533524 106.31981325570662 81.39193616374088 127.6558224136009 110.29416886197032 82.38515373844729 93.88306596517796 105.74025813261647 105.16114928405865 0.0 104.75400652128829 108.05136429807712 108.6168874342336 104.841946159782 62.43855750605914 110.29416886197032 113.09823018169988 111.12383193298666 126.86209908014938 104.75400652128829 123.9685688502529 86.58099900543851 106.31981325570662
67.00623580161314 79.44722903213162 115.73428608032309 76.71805442878427 101.910458640714 23.16751926514526 119.99037365181958 106.64738575796119 62.43855750605914 73.59565807523968 109.59426994631464 104.75400652128829 0.0 82.38515373844729 111.12383193298666 113.69767362533524 119.41752915174625 77.25456141068523 108.6168874342336 89.12636803557038 126.86209908014938 78.69483586886315 139.24145113349994 91.61316796533075 104.75400652128829
76.71805442878427 99.78278596909219 98.46894049548133 77.25456141068523 76.42364726080837 113.09823018169988 120.60796060302063 129.589297973871 67.00623580161314 119.47067206309836 116.68023657869449 108.05136429807712 82.38515373844729 0.0 111.78088794686343 139.05067673714746 61.395056252273484 108.88249863160385 89.12764429385822 110.63700216984147 23.16751926514526 113.5586953456678 112.56692324097814 91.61316796533075 116.4520687646931
76.86360399791204 109.40810123147716 101.910458640714 139.24145113349994 110.29416886197032 120.95354880614553 164.2145091378785 63.48355120517922 101.910458640714 79.44722903213162 126.80246073938876 108.6168874342336 111.12383193298666 111.78088794686343 0.0 109.71436436131876 59.30196689766625 89.74618324922959 86.58099900543851 76.71805442878427 111.78088794686343 98.96755801997352 104.841946159782 127.6558224136009 108.05136429807712
139.24145113349994 134.10342921658878 100.6079776357151 116.4520687646931 109.59426994631464 124.34979576774644 110.29009672454792 117.09917203399925 103.64128216503886 86.46902977016066 148.77520252911657 104.841946159782 113.69767362533524 139.05067673714746 109.71436436131876 0.0 107.00773291277788 124.34979576774644 104.9862118027679 119.47067206309836 93.88306596517796 119.71948332036347 93.88306596517796 89.74618324922959 87.21288486054826
86.58099900543851 106.31981325570662 114.90103414421284 85.20852183516175 87.21288486054826 121.63488791235325 62.43855750605914 80.1012167849306 108.05136429807712 106.31981325570662 117.10529891532315 62.43855750605914 119.41752915174625 61.395056252273484 59.30196689766625 107.00773291277788 0.0 84.53848632242979 116.68023657869449 112.33562536311214 61.39713443311898 163.74243438101553 109.40810123147716 110.29416886197032 91.38816524106869
108.05136429807712 109.59426994631464 113.2410226979668 67.00623580161314 114.90103414421284 61.395056252273484 78.69483586886315 103.64128216503886 73.59565807523968 112.77583138633067 111.12383193298666 110.29416886197032 77.25456141068523 108.88249863160385 89.74618324922959 124.34979576774644 84.53848632242979 0.0 129.589297973871 114.90103414421284 91.0305949046145 92.51021328152483 110.63700216984147 126.80246073938876 109.40810123147716
116.68023657869449 81.39193616374088 109.71436436131876 153.75132893078975 134.10342921658878 109.40810123147716 76.7884525152935 164.2145091378785 129.769948283681 98.96755801997352 113.09823018169988 113.09823018169988 108.6168874342336 89.12764429385822 86.58099900543851 104.9862118027679 116.68023657869449 129.589297973871 0.0 115.47161675832218 78.69483586886315 60.703894769624625 113.2410226979668 134.10342921658878 108.81376178366592
98.10003714025649 100.43571568766657 76.86360399791204 117.09917203399925 91.0305949046145 128.2660437508231 127.6558224136009 115.47161675832218 85.20852183516175 59.30196689766625 130.7514454470633 111.12383193298666 89.12636803557038 110.63700216984147 76.71805442878427 119.47067206309836 112.33562536311214 114.90103414421284 115.47161675832218 0.0 60.703894769624625 76.349941039728 116.68023657869449 104.841946159782 83.62843127875195
117.09917203399925 94.60934494112331 73.11979562220075 84.53848632242979 29.147891068732307 113.09823018169988 116.1417461751942 89.74618324922959 119.99037365181958 108.05136429807712 42.51021173007599 126.86209908014938 126.86209908014938 23.16751926514526 111.78088794686343 93.88306596517796 61.39713443311898 91.0305949046145 78.69483586886315 60.703894769624625 0.0 83.62843127875195 61.395056252273484 106.73347412839004 98.7952638877583
62.43855750605914 29.147891068732307 113.2410226979668 129.589297973871 113.2410226979668 67.00623580161314 67.00727322890248 110.29416886197032 60.703894769624625 126.80246073938876 62.32057346879932 104.75400652128829 78.69483586886315 113.5586953456678 98.96755801997352 119.71948332036347 163.74243438101553 92.51021328152483 60.703894769624625 76.349941039728 83.62843127875195 0.0 109.71436436131876 103.64128216503886 164.2145091378785
42.51021173007599 91.44839660379347 118.01098726121549 91.38816524106869 68.46225964898686 129.87768077868637 116.1417461751942 98.96755801997352 98.96755801997352 89.12764429385822 105.16114928405865 123.9685688502529 139.24145113349994 112.56692324097814 104.841946159782 93.88306596517796 109.40810123147716 110.63700216984147 113.2410226979668 116.68023657869449 61.395056252273484 109.71436436131876 0.0 106.31981325570662 64.36977426324847
117.10529891532315 113.2410226979668 63.48355120517922 93.10735900371158 101.910458640714 129.85277179331985 106.31981325570662 104.9862118027679 78.69483586886315 89.12636803557038 89.12636803557038 86.58099900543851 91.61316796533075 91.61316796533075 127.6558224136009 89.74618324922959 110.29416886197032 126.80246073938876 134.10342921658878 104.841946159782 106.73347412839004 103.64128216503886 106.31981325570662 0.0 80.1012167849306
110.29416886197032 134.10342921658878 112.33562536311214 87.21288486054826 96.48181480572977 94.60934494112331 132.60609379938813 108.81376178366592 89.12764429385822 98.7952638877583 84.53848632242979 106.31981325570662 104.75400652128829 116.4520687646931 108.05136429807712 87.21288486054826 91.38816524106869 109.40810123147716 108.81376178366592 83.62843127875195 98.7952638877583 164.2145091378785 64.36977426324847 80.1012167849306 0.0
