100
0.0 52.599174995308736 141.46804149916335 113.48504750758097 106.42889337170723 71.98460144471042 96.96666734242089 101.03953600508743 103.6955434772114 82.77183394130373 84.02127877164865 90.18622000747418 85.89601230896163 108.1004779063982 131.44149150551993 111.02346988642907 111.76789597016791 81.6712148695845 104.84369993269877 128.7370742432958 76.5516927789308 82.88152742187121 123.78994939032845 39.010629546507616 95.19964349283825 106.49191175272055 81.29789623858414 89.61274873456628 107.74836170119293 107.99337773879725 106.27240357170236 147.34320092246594 112.05767569845716 135.13867954137743 121.72013141221652 81.623697841663 105.61740060701939 101.03953600508743 133.10560639401578 67.96120386103593 107.99337773879725 116.27722233457548 123.36763431386642 87.60917012588992 93.91678392848377 105.4344055455905 83.24165461043783 85.96121204367446 94.94034385129558 79.94326325574636 106.78332675192708 115.47511297253799 87.66664073998753 121.19423022394884 122.57347264603403 98.19484383275791 142.94535857377775 71.56023830387629 94.80429014554772 112.29656563762913 95.13315024946026 88.54152134069356 73.16969704443156 92.26370764710191 95.53029686592451 119.57196955193567 96.96666734242089 82.88152742187121 53.532211234953806 105.35910922378707 103.45410343895833 78.7191075313232 107.62926693541512 94.62701161187019 61.23380438671199 91.90216607439058 149.22113882507315 90.60416707929839 47.81719943834938 97.93329322731246 81.101042349426 103.6955434772114 101.03953600508743 103.61461632768494 105.25771656236961 117.34249356147589 101.03953600508743 72.29853673854127 114.21138998894128 93.30864969445845 115.47511297253799 100.57071089962686 81.6712148695845 89.09779881312457 125.59001706538051 45.699790342021664 120.2912038277046 62.963467039980685 123.36763431386642 101.3179341647856
52.599174995308736 0.0 50.96050064758758 82.62863614832006 81.6712148695845 116.04487826711869 84.40873103838494 65.02664045835924 123.47771318801767 145.79588808096915 104.12217893898566 84.15485862718563 88.59113980887716 94.51320093677006 97.71663447339958 115.94797746027122 109.09862131326247 135.71178759819557 58.73426455715205 105.35910922378707 107.99337773879725 111.20858280674132 118.48531535028609 70.89799896374227 97.33394146115171 102.42922376694055 109.84842536893461 78.58954172124854 87.35772237975158 124.27773973098122 126.49071396972995 136.5528074065245 61.87403875386931 98.69545807673404 40.62974044436929 136.5528074065245 107.62926693541512 148.44566020875794 114.8086155795729 149.22113882507315 131.44149150551993 82.50202263990028 134.34439087572247 102.73993083449123 91.11374171449319 114.8086155795729 92.26370764710191 73.72407075047434 71.77416443629706 76.5516927789308 78.81105983930243 98.95761083925807 148.44566020875794 113.48504750758097 110.33349540238059 62.93220303507265 114.8086155795729 104.929156828394 146.87830148931167 98.49662923527318 117.83021068499963 106.42889337170723 116.04487826711869 153.14462817030636 108.4835639039824 109.67196255173167 69.17352863336731 162.57696347411607 61.785474835709906 100.87343874337547 78.81105983930243 105.25771656236961 111.952625709266 124.98229540960301 84.73123885656746 82.88152742187121 71.77416443629706 113.88956951373821 108.30603607368647 98.48473219359038 67.96120386103593 93.65238698988699 115.94797746027122 117.40947811876393 125.02903727482591 111.02346988642907 109.52298595490524 126.49071396972995 94.56683489778659 118.48531535028609 92.80846176236739 96.03360650389169 134.34439087572247 121.72013141221652 135.13867954137743 153.14462817030636 85.98650460192185 108.30603607368647 84.40873103838494 142.95478924703175
141.46804149916335 50.96050064758758 0.0 87.99007650579384 82.77183394130373 125.19543855573136 87.29672910210053 36.31868881703757 118.85617956588702 117.17582588062277 67.94125533803606 87.90867028994538 43.21191227863277 96.96666734242089 130.62487607221738 140.21185356610485 72.2665163399796 127.75643667449333 146.08667020587234 100.91149924399997 131.5568186966065 104.14305708701195 105.45470837563161 85.89601230896163 108.30603607368647 93.16241740065126 61.785474835709906 122.11806417679406 111.7435500390456 131.5568186966065 108.4835639039824 102.73993083449123 101.3179341647856 99.24289628398172 104.12217893898566 114.80048728335603 127.75643667449333 116.27722233457548 104.40555833548831 113.48504750758097 116.27722233457548 68.85308459425761 78.66487632813735 107.99337773879725 84.73123885656746 115.47511297253799 111.23885296323974 115.94797746027122 81.623697841663 86.27972220018651 127.36710481112965 114.91739033780851 102.73049634616304 101.00322952398656 96.8544063624832 128.38260092321693 142.8932785324418 81.8469260969762 97.04084989581422 113.48504750758097 37.55392797621897 105.58280619244478 100.91149924399997 91.05917541514104 133.06271514591316 82.46524873498805 147.8037648849994 97.71663447339958 72.56569809581919 108.4835639039824 73.74576002259987 68.7864284311699 93.20128515328486 111.7435500390456 65.02664045835924 117.03633452727243 127.1624623035747 90.18622000747418 120.2912038277046 93.83527367947814 70.81505624897723 116.27355557652537 115.94797746027122 109.08198628695655 87.60917012588992 79.74656842660042 91.05917541514104 158.09984614406667 104.14305708701195 138.54018772314677 36.19516530647442 113.88856543073547 148.44566020875794 120.62270719508325 94.80429014554772 96.90412345040883 77.81190641268631 91.11374171449319 88.54152134069356 101.3179341647856
113.48504750758097 82.62863614832006 87.99007650579384 0.0 96.96666734242089 69.17352863336731 98.44903228092782 100.39563984955886 125.60805214436627 91.05917541514104 111.20858280674132 153.14462817030636 92.97301975327184 82.6403552829299 101.55588392102851 101.3179341647856 82.59686246945526 83.97314243893534 39.010629546507616 96.40797366583521 152.70936761067156 90.31589061727753 104.84369993269877 72.29853673854127 47.81719943834938 111.952625709266 109.09862131326247 92.21469037065893 94.2080855307755 106.59901582573002 103.6955434772114 102.42922376694055 72.2665163399796 97.22551576439476 93.30864969445845 101.55213539427794 69.17352863336731 110.44150710221392 105.25771656236961 136.23067770498164 99.56995026128318 62.88735708605859 141.46804149916335 72.56569809581919 79.95087984829192 85.96121204367446 36.19516530647442 88.54152134069356 121.41701623621553 75.20267771780286 106.59901582573002 120.1143555180867 94.62701161187019 119.64279866500883 82.88152742187121 108.30603607368647 80.60780773380512 145.88208595326438 127.1624623035747 96.40797366583521 89.85004724895114 103.21255368732324 109.98024846166877 120.1143555180867 105.62494333124344 79.74656842660042 75.0832897354892 96.97741014404963 53.58727831108482 62.963467039980685 92.62096104772348 105.62494333124344 98.48473219359038 118.48531535028609 119.57196955193567 87.72649878959194 76.5516927789308 105.9070161596896 126.05953392776082 83.24165461043783 106.68025070930435 72.0393162370902 125.52017903125622 88.77863274909907 107.59217487075499 117.17582588062277 106.37862514674028 100.57071089962686 90.18622000747418 79.28772660653743 39.010629546507616 104.929156828394 127.36710481112965 116.88190759304607 78.05145959595718 133.86036809780606 77.81190641268631 133.06271514591316 111.23885296323974 94.94034385129558
106.42889337170723 81.6712148695845 82.77183394130373 96.96666734242089 0.0 100.57071089962686 122.57347264603403 126.05953392776082 73.16969704443156 118.41522407625854 85.6121585394653 117.42011413255561 94.99613503266156 125.55508305893174 80.60780773380512 86.90265165974614 68.64508145331038 112.05767569845716 102.42922376694055 85.1891195678063 109.09862131326247 93.33563591201879 107.50077235153776 76.2809396515626 85.98650460192185 107.74836170119293 81.29789623858414 103.45410343895833 125.55508305893174 33.70141144270198 107.42735139625194 70.81505624897723 96.40797366583521 93.91678392848377 79.95087984829192 105.55858696925101 123.36763431386642 102.65564201995845 84.40873103838494 41.731863831209125 101.00322952398656 70.81505624897723 95.13315024946026 131.71934490712096 100.57071089962686 98.68135347803295 95.54250167443139 86.83159846171368 36.19516530647442 94.2080855307755 118.48531535028609 94.2080855307755 82.62863614832006 77.31454727428084 75.20267771780286 94.51162582466684 72.0393162370902 122.28636525196904 99.430505376297 36.31868881703757 49.71112667283219 71.77416443629706 93.13505584050827 96.40797366583521 98.9541641357076 79.95087984829192 104.14305708701195 107.62926693541512 98.48473219359038 94.43424730572917 105.35910922378707 108.30603607368647 93.83527367947814 88.54152134069356 87.60917012588992 114.70847731470545 104.14305708701195 105.65882689391721 134.34439087572247 121.72013141221652 107.42735139625194 131.5568186966065 109.08198628695655 131.6675735358013 91.38111064369673 94.2080855307755 105.65882689391721 104.14305708701195 100.39563984955886 109.06568933690968 84.40873103838494 120.92475122045161 123.78994939032845 105.25771656236961 118.43836688747473 101.37869468431772 133.06271514591316 116.44580685928908 95.13315024946026 114.21138998894128
71.98460144471042 116.04487826711869 125.19543855573136 69.17352863336731 100.57071089962686 0.0 118.48531535028609 98.19484383275791 109.09862131326247 93.20128515328486 100.91149924399997 127.04386511215174 97.52916259763055 99.91378146459205 56.54569628703988 67.94125533803606 66.79510121177839 111.75555618152893 77.70541146632941 75.6305670986894 68.7864284311699 84.91544796088944 76.62198299349994 122.28636525196904 98.9541641357076 127.1624623035747 103.03622834361273 100.3848681606554 90.11185570154085 127.04386511215174 80.93037661539805 100.39563984955886 94.51162582466684 87.99007650579384 108.62802045408151 100.91149924399997 58.14678364518455 82.91218232029577 140.7938134486165 94.80429014554772 107.62926693541512 125.52017903125622 68.7864284311699 109.45924506804933 108.16383729321979 76.5516927789308 118.43836688747473 82.46524873498805 96.97741014404963 111.952625709266 135.13867954137743 107.71386127758483 144.00894554288345 131.32187937103717 87.29851943519014 98.44903228092782 67.77150418332903 142.33164776174374 87.72649878959194 128.51576571724166 115.94797746027122 116.34468710123303 130.62487607221738 83.62095959562268 146.27709194635707 75.99991685029826 105.80161084694437 101.00322952398656 104.7360193334813 125.59001706538051 146.27709194635707 144.77859316149724 128.51576571724166 117.34249356147589 101.55213539427794 108.77919005458946 94.94723257127114 133.86036809780606 135.71178759819557 90.31589061727753 68.64508145331038 97.44706320426478 93.29919019783813 87.29672910210053 102.87840751531351 75.0832897354892 50.8507060634564 142.33164776174374 98.44903228092782 92.62096104772348 78.32471403788804 73.16969704443156 105.35910922378707 80.93037661539805 111.76789597016791 91.11374171449319 127.04386511215174 97.71663447339958 102.42922376694055 49.87498189740332
96.96666734242089 84.40873103838494 87.29672910210053 98.44903228092782 122.57347264603403 118.48531535028609 0.0 109.06568933690968 146.87830148931167 94.62701161187019 95.13315024946026 99.5662704455364 70.89799896374227 109.52298595490524 132.41096280473366 117.40947811876393 106.68051688453251 77.81190641268631 140.7938134486165 101.3179341647856 86.27972220018651 114.72088979474469 144.77859316149724 85.6121585394653 95.14852412398922 158.09984614406667 82.50202263990028 98.19484383275791 77.28338927217371 116.27355557652537 140.21185356610485 110.44150710221392 97.93329322731246 109.06568933690968 76.64526613516273 79.19453310891848 75.6305670986894 119.57976032630546 119.64279866500883 88.77863274909907 108.76255452834434 109.98024846166877 159.45927047804867 62.95536093715318 117.83021068499963 128.38260092321693 107.18992100180502 106.68051688453251 107.42735139625194 89.85004724895114 123.46637328762816 146.27709194635707 72.0393162370902 75.99991685029826 93.13505584050827 117.03633452727243 93.65238698988699 94.80429014554772 72.0393162370902 123.78994939032845 62.95536093715318 114.72088979474469 58.582430175192904 72.8406718736602 53.58727831108482 106.37862514674028 117.17582588062277 50.8507060634564 99.430505376297 86.28063372877433 127.04386511215174 81.101042349426 86.83159846171368 67.77150418332903 101.03953600508743 98.69545807673404 116.88190759304607 162.57696347411607 133.86036809780606 104.84369993269877 103.61461632768494 80.93037661539805 89.64714964571138 71.05206788713572 90.60416707929839 107.74836170119293 147.8037648849994 92.45494543481595 136.64860242188934 96.90412345040883 88.54152134069356 82.50202263990028 109.06568933690968 111.23885296323974 104.40555833548831 115.94797746027122 39.010629546507616 136.5528074065245 110.44150710221392 106.42889337170723
101.03953600508743 65.02664045835924 36.31868881703757 100.39563984955886 126.05953392776082 98.19484383275791 109.06568933690968 0.0 142.90594936145942 101.02963787825146 71.56023830387629 77.31454727428084 68.7864284311699 58.582430175192904 142.33164776174374 67.77150418332903 113.88956951373821 84.73123885656746 77.28338927217371 117.40947811876393 74.28640725406098 144.1518597096042 45.699790342021664 100.91149924399997 94.94723257127114 128.7370742432958 78.81105983930243 122.28636525196904 84.04308025019138 122.26281127997305 80.01442858845343 78.05145959595718 120.62270719508325 80.01442858845343 76.45914460656797 87.35772237975158 62.963467039980685 144.00894554288345 94.51320093677006 81.55435586000657 96.47387943654635 120.92475122045161 99.430505376297 98.9541641357076 97.71663447339958 61.12910835282801 112.05767569845716 66.79510121177839 40.62974044436929 93.20128515328486 111.952625709266 117.34249356147589 56.54569628703988 80.60780773380512 105.65882689391721 110.77008723684109 81.623697841663 137.4680198336675 84.91544796088944 51.30295242344802 105.46981933763583 79.74656842660042 61.252262341090635 124.98229540960301 85.89601230896163 95.70476006297635 111.02346988642907 105.58280619244478 107.62926693541512 105.62494333124344 53.532211234953806 96.47387943654635 96.47387943654635 106.111808496784 80.11480012870048 98.69545807673404 111.75555618152893 138.54018772314677 79.94326325574636 82.6403552829299 61.3446739362325 68.85308459425761 81.8469260969762 101.3179341647856 80.6394764505992 108.3719057904845 96.40797366583521 127.36710481112965 67.96120386103593 85.89601230896163 97.52916259763055 119.57196955193567 115.94797746027122 120.87837575208343 147.8037648849994 66.79510121177839 136.23067770498164 79.19839857765481 87.50074159530725 78.05145959595718
103.6955434772114 123.47771318801767 118.85617956588702 125.60805214436627 73.16969704443156 109.09862131326247 146.87830148931167 142.90594936145942 0.0 122.92750980108421 114.91739033780851 78.7191075313232 125.55508305893174 81.623697841663 61.87403875386931 108.16383729321979 71.77416443629706 117.40947811876393 94.51162582466684 111.952625709266 87.29851943519014 116.88190759304607 137.3895140666616 81.73406285365313 104.7360193334813 138.88693963352338 50.8507060634564 95.53029686592451 125.30805331295569 36.31868881703757 94.62701161187019 82.91218232029577 85.6121585394653 50.8507060634564 94.94034385129558 123.78994939032845 120.14409917866152 111.15958739796974 119.57196955193567 106.78332675192708 117.03633452727243 82.88152742187121 80.01442858845343 104.14305708701195 120.14409917866152 92.10716087328018 89.75110701072624 93.30864969445845 108.62802045408151 96.96666734242089 87.35772237975158 53.58727831108482 139.5363199600168 50.96050064758758 139.5363199600168 50.63371139271805 78.7191075313232 153.14462817030636 89.61274873456628 123.47771318801767 96.96666734242089 93.65238698988699 87.29672910210053 113.65697095027902 84.02127877164865 87.90867028994538 65.92809525136646 63.725086940919965 122.26281127997305 86.28063372877433 97.52916259763055 131.71934490712096 131.98913915612957 93.20128515328486 115.82879561204643 105.55858696925101 50.8507060634564 111.20858280674132 78.87508476439537 80.11480012870048 153.14462817030636 90.31589061727753 81.89091031672442 96.96666734242089 84.04308025019138 108.16383729321979 89.09779881312457 98.44903228092782 61.87403875386931 77.31454727428084 66.5413451247152 92.80846176236739 83.00290346972955 97.71663447339958 107.99337773879725 135.71178759819557 108.30603607368647 50.63371139271805 116.34468710123303 101.55588392102851
82.77183394130373 145.79588808096915 117.17582588062277 91.05917541514104 118.41522407625854 93.20128515328486 94.62701161187019 101.02963787825146 122.92750980108421 0.0 128.38260092321693 70.89799896374227 93.91678392848377 90.60416707929839 104.12217893898566 90.11185570154085 89.26044131114712 39.010629546507616 98.40527155133177 39.010629546507616 83.00290346972955 82.50202263990028 106.111808496784 110.33349540238059 99.2210803967028 72.56569809581919 99.5662704455364 95.70476006297635 119.57196955193567 105.74340347745382 124.98229540960301 114.70847731470545 87.66664073998753 72.2665163399796 117.24226153236093 76.5516927789308 104.84369993269877 94.94034385129558 84.15485862718563 125.19543855573136 117.03633452727243 105.46981933763583 92.80846176236739 76.5516927789308 96.8544063624832 68.64508145331038 105.46981933763583 102.73993083449123 106.42889337170723 121.41701623621553 40.62974044436929 124.66355365019024 117.4487269706326 139.32557339042458 53.58727831108482 88.77863274909907 81.73406285365313 159.45927047804867 85.98650460192185 105.55858696925101 107.62926693541512 95.53029686592451 109.08198628695655 140.7938134486165 141.46804149916335 102.65564201995845 105.80161084694437 146.27709194635707 89.91518212660063 85.1891195678063 71.77416443629706 67.96120386103593 92.62096104772348 81.101042349426 84.91544796088944 61.87403875386931 50.63371139271805 98.48473219359038 99.79477211167088 128.7370742432958 136.5528074065245 95.19964349283825 75.99991685029826 124.72084902747505 90.60416707929839 71.05206788713572 99.6777952872338 97.04084989581422 36.19516530647442 98.44903228092782 91.11374171449319 117.4487269706326 76.64526613516273 144.77859316149724 144.77859316149724 121.41701623621553 87.66664073998753 116.3875867338486 103.45410343895833 107.42735139625194
84.02127877164865 104.12217893898566 67.94125533803606 111.20858280674132 85.6121585394653 100.91149924399997 95.13315024946026 71.56023830387629 114.91739033780851 128.38260092321693 0.0 78.05145959595718 70.81505624897723 136.23067770498164 124.72084902747505 120.92475122045161 101.02963787825146 99.24289628398172 96.47387943654635 77.81190641268631 111.76789597016791 73.72407075047434 95.13315024946026 58.14678364518455 146.27709194635707 52.599174995308736 137.4680198336675 108.1004779063982 80.93037661539805 116.34468710123303 80.6394764505992 128.51576571724166 126.05953392776082 116.58063355546741 128.38260092321693 103.21255368732324 92.26370764710191 92.26370764710191 73.74576002259987 84.04308025019138 118.07402398601945 94.56683489778659 126.05953392776082 105.6173398356731 75.99991685029826 116.27355557652537 111.75555618152893 104.14305708701195 98.19484383275791 63.725086940919965 49.71112667283219 107.71386127758483 85.52248378391124 111.7435500390456 87.66664073998753 131.71934490712096 96.8544063624832 104.40555833548831 73.74576002259987 113.88856543073547 106.49191175272055 80.76203654317604 98.68135347803295 80.11480012870048 130.62487607221738 101.03953600508743 83.97314243893534 100.59920232885672 139.32557339042458 81.73406285365313 84.02127877164865 140.7938134486165 109.84842536893461 82.42930378677141 108.76255452834434 81.623697841663 92.45494543481595 92.97301975327184 117.83021068499963 117.24226153236093 80.93037661539805 115.47511297253799 101.55588392102851 62.963467039980685 97.22551576439476 120.1143555180867 147.8037648849994 108.4835639039824 69.71753168339487 116.44580685928908 118.41522407625854 95.19964349283825 135.54503637904065 108.16383729321979 114.21138998894128 99.27615176406188 104.14305708701195 145.79588808096915 94.62701161187019 125.73677685397244
90.18622000747418 84.15485862718563 87.90867028994538 153.14462817030636 117.42011413255561 127.04386511215174 99.5662704455364 77.31454727428084 78.7191075313232 70.89799896374227 78.05145959595718 0.0 133.06271514591316 78.32471403788804 83.97314243893534 95.13315024946026 146.08667020587234 120.62270719508325 138.54018772314677 109.45924506804933 89.17393288394146 145.88208595326438 87.29672910210053 99.59173615724086 89.13769030906026 89.64714964571138 120.92475122045161 61.3446739362325 119.57976032630546 90.11185570154085 69.71753168339487 81.101042349426 116.3875867338486 92.26370764710191 123.78994939032845 56.54569628703988 90.20092857575774 120.1143555180867 90.31589061727753 53.532211234953806 93.29919019783813 125.71042036901832 133.10560639401578 62.93220303507265 73.72407075047434 115.53645769659555 56.92617314808167 141.46804149916335 114.21138998894128 103.03622834361273 92.80846176236739 131.6675735358013 70.89799896374227 91.11374171449319 82.42930378677141 82.6403552829299 91.90216607439058 121.41701623621553 92.26370764710191 82.50202263990028 100.3848681606554 87.90867028994538 62.95536093715318 85.1891195678063 113.84127468636228 106.37862514674028 127.07309162015696 111.20858280674132 95.60011767365322 78.58954172124854 149.22113882507315 140.21185356610485 95.70476006297635 71.98460144471042 84.02127877164865 80.6394764505992 102.089602813233 103.21255368732324 103.03622834361273 106.78332675192708 122.89625053854436 139.32557339042458 123.46637328762816 84.40873103838494 109.45924506804933 117.0966169109654 79.32998239650613 141.9354439108702 116.88190759304607 117.04331456326028 89.13769030906026 68.85308459425761 96.96666734242089 108.77919005458946 90.58921329176113 147.34320092246594 107.59217487075499 131.98913915612957 104.7360193334813 85.52248378391124
85.89601230896163 88.59113980887716 43.21191227863277 92.97301975327184 94.99613503266156 97.52916259763055 70.89799896374227 68.7864284311699 125.55508305893174 93.91678392848377 70.81505624897723 133.06271514591316 0.0 72.1959670773902 82.50202263990028 81.6712148695845 66.5413451247152 98.95761083925807 121.48351222724087 81.6712148695845 148.44566020875794 80.76203654317604 125.73677685397244 93.30864969445845 50.8507060634564 102.089602813233 50.96050064758758 115.94797746027122 85.98650460192185 132.41096280473366 139.32557339042458 97.52916259763055 81.8469260969762 50.8507060634564 142.33164776174374 79.32998239650613 91.05917541514104 99.91378146459205 61.87403875386931 146.61824790876443 125.19543855573136 108.16383729321979 90.58921329176113 102.73049634616304 109.84842536893461 123.36763431386642 133.06271514591316 147.8037648849994 82.42930378677141 50.96050064758758 83.97314243893534 114.80048728335603 120.1143555180867 119.57196955193567 126.05953392776082 126.49071396972995 98.49662923527318 106.49191175272055 88.54152134069356 125.59001706538051 44.39355640305358 94.94034385129558 108.1004779063982 82.6403552829299 99.24289628398172 75.34259338742969 56.54569628703988 131.71934490712096 68.7864284311699 109.98024846166877 111.952625709266 49.71112667283219 118.41522407625854 92.97301975327184 149.22113882507315 78.32471403788804 87.35772237975158 116.88190759304607 66.79510121177839 72.8406718736602 120.14409917866152 58.14678364518455 115.53645769659555 147.34320092246594 123.35930323785557 36.19516530647442 56.54569628703988 114.91739033780851 144.00894554288345 97.71663447339958 105.61740060701939 94.51320093677006 104.12217893898566 93.29919019783813 40.62974044436929 147.57527233142804 82.88152742187121 108.62802045408151 109.06568933690968 105.45470837563161
108.1004779063982 94.51320093677006 96.96666734242089 82.6403552829299 125.55508305893174 99.91378146459205 109.52298595490524 58.582430175192904 81.623697841663 90.60416707929839 136.23067770498164 78.32471403788804 72.1959670773902 0.0 125.60805214436627 75.20267771780286 43.21191227863277 80.6394764505992 117.84274485819847 92.64491639362092 92.45494543481595 81.6712148695845 99.56995026128318 91.38111064369673 84.91544796088944 116.44580685928908 78.87508476439537 100.3848681606554 108.16383729321979 138.88693963352338 117.84274485819847 68.64508145331038 87.72649878959194 99.79477211167088 87.29851943519014 95.45906311965501 89.09779881312457 66.5413451247152 84.15485862718563 62.95536093715318 89.36855942398665 102.089602813233 99.56995026128318 105.58280619244478 99.56995026128318 45.699790342021664 123.47771318801767 105.45470837563161 102.42922376694055 79.74656842660042 117.40947811876393 81.623697841663 96.48281428157992 94.51320093677006 89.61274873456628 71.98460144471042 89.17393288394146 146.61824790876443 123.36763431386642 103.03622834361273 81.40241040199162 142.8932785324418 109.06568933690968 81.55435586000657 105.80161084694437 111.23885296323974 126.65141819239912 98.44903228092782 71.77416443629706 103.03622834361273 87.99007650579384 96.90412345040883 125.73677685397244 95.54250167443139 109.52298595490524 125.60805214436627 120.87837575208343 142.8932785324418 140.21185356610485 116.58063355546741 87.77585104924322 132.41096280473366 92.80846176236739 113.88956951373821 116.44580685928908 65.30053370722948 79.32092651918437 105.60404423777322 122.26281127997305 65.92809525136646 116.58063355546741 105.46981933763583 105.62494333124344 111.23885296323974 93.32618517598377 53.58727831108482 83.84494367864836 72.0393162370902 78.66487632813735 79.19839857765481
131.44149150551993 97.71663447339958 130.62487607221738 101.55588392102851 80.60780773380512 56.54569628703988 132.41096280473366 142.33164776174374 61.87403875386931 104.12217893898566 124.72084902747505 83.97314243893534 82.50202263990028 125.60805214436627 0.0 53.58727831108482 104.40555833548831 85.89601230896163 61.12910835282801 82.77183394130373 109.67196255173167 97.42031957913049 117.84274485819847 117.34249356147589 98.9541641357076 97.71663447339958 101.39183669463482 115.82879561204643 50.63371139271805 108.62802045408151 43.21191227863277 76.45914460656797 144.77859316149724 117.24226153236093 47.81719943834938 93.20128515328486 142.94535857377775 117.83021068499963 88.77863274909907 142.90594936145942 102.42922376694055 134.49801633099068 107.50077235153776 77.70541146632941 61.87403875386931 114.79468708780306 109.52298595490524 92.21469037065893 66.5413451247152 117.04331456326028 116.58063355546741 97.71663447339958 91.05917541514104 78.8912019815344 94.99613503266156 79.94326325574636 92.97301975327184 99.59173615724086 110.77008723684109 90.31589061727753 117.76572830074997 123.35930323785557 45.699790342021664 106.37862514674028 94.56683489778659 109.84842536893461 98.95761083925807 90.18622000747418 82.62863614832006 114.91739033780851 72.2665163399796 97.04084989581422 68.85308459425761 94.43424730572917 125.59001706538051 77.28338927217371 136.5528074065245 82.42930378677141 136.2546529593743 147.34320092246594 131.71934490712096 93.65238698988699 116.27355557652537 70.81505624897723 107.42735139625194 92.80846176236739 95.14852412398922 67.77150418332903 105.6173398356731 133.06271514591316 100.87343874337547 73.74576002259987 124.27773973098122 84.07410019545988 111.02346988642907 73.72407075047434 104.7360193334813 72.56569809581919 51.30295242344802 91.05917541514104
111.02346988642907 115.94797746027122 140.21185356610485 101.3179341647856 86.90265165974614 67.94125533803606 117.40947811876393 67.77150418332903 108.16383729321979 90.11185570154085 120.92475122045161 95.13315024946026 81.6712148695845 75.20267771780286 53.58727831108482 0.0 76.5516927789308 99.56995026128318 84.02127877164865 106.59901582573002 105.55858696925101 96.8544063624832 81.73406285365313 136.2546529593743 97.93329322731246 72.8406718736602 61.252262341090635 99.91378146459205 125.73677685397244 123.78994939032845 130.62487607221738 131.6675735358013 87.29851943519014 78.8912019815344 109.08198628695655 87.46182424771342 83.62095959562268 94.51162582466684 102.87840751531351 123.78994939032845 120.1143555180867 122.92750980108421 123.36763431386642 93.09236772881712 58.582430175192904 114.91739033780851 159.45927047804867 68.7864284311699 140.7938134486165 81.89091031672442 76.5516927789308 93.30342433539309 72.1959670773902 149.22113882507315 88.77863274909907 66.5413451247152 108.4835639039824 116.04487826711869 72.8406718736602 117.17582588062277 90.11185570154085 80.01442858845343 36.19516530647442 58.582430175192904 82.59686246945526 113.88856543073547 128.51576571724166 110.77008723684109 100.3848681606554 114.70847731470545 56.54569628703988 44.39355640305358 125.02903727482591 153.14462817030636 61.23380438671199 62.963467039980685 81.89091031672442 111.75555618152893 106.68051688453251 92.21469037065893 105.60404423777322 123.46637328762816 83.84494367864836 105.65882689391721 129.44018960562607 94.43424730572917 51.30295242344802 117.42011413255561 90.31589061727753 61.23380438671199 117.76572830074997 117.24226153236093 137.3895140666616 93.83527367947814 115.94797746027122 122.26281127997305 68.64508145331038 50.63371139271805 41.731863831209125 118.41522407625854
111.76789597016791 109.09862131326247 72.2665163399796 82.59686246945526 68.64508145331038 66.79510121177839 106.68051688453251 113.88956951373821 71.77416443629706 89.26044131114712 101.02963787825146 146.08667020587234 66.5413451247152 43.21191227863277 104.40555833548831 76.5516927789308 0.0 126.49071396972995 127.1624623035747 101.02963787825146 98.02229628286729 90.60416707929839 146.87830148931167 92.25996056237068 77.31454727428084 133.86036809780606 105.6173398356731 115.47511297253799 104.7360193334813 92.10716087328018 131.71934490712096 108.4835639039824 86.90265165974614 118.85617956588702 105.55858696925101 99.24289628398172 118.85617956588702 77.28338927217371 65.02664045835924 125.30805331295569 76.64526613516273 114.80048728335603 80.76203654317604 103.61461632768494 111.952625709266 87.35772237975158 62.93220303507265 93.29919019783813 80.01442858845343 110.77008723684109 135.71178759819557 84.02127877164865 79.32998239650613 100.59920232885672 105.65882689391721 87.50074159530725 134.34439087572247 92.45494543481595 81.8469260969762 142.94535857377775 68.64508145331038 117.42011413255561 147.8037648849994 131.71934490712096 110.33349540238059 122.89625053854436 116.88190759304607 82.50202263990028 73.72407075047434 98.69545807673404 118.41522407625854 102.73993083449123 118.41522407625854 145.79588808096915 95.14852412398922 99.24289628398172 125.19543855573136 85.1891195678063 106.42889337170723 87.29672910210053 105.25771656236961 99.2210803967028 92.26370764710191 79.19453310891848 123.36763431386642 105.65882689391721 98.40527155133177 98.19484383275791 80.93037661539805 115.53645769659555 77.28338927217371 99.59173615724086 120.87837575208343 105.80161084694437 94.80429014554772 82.91218232029577 78.05145959595718 96.03360650389169 99.91378146459205 95.14852412398922
81.6712148695845 135.71178759819557 127.75643667449333 83.97314243893534 112.05767569845716 111.75555618152893 77.81190641268631 84.73123885656746 117.40947811876393 39.010629546507616 99.24289628398172 120.62270719508325 98.95761083925807 80.6394764505992 85.89601230896163 99.56995026128318 126.49071396972995 0.0 89.75110701072624 105.80161084694437 108.89539591211677 99.91378146459205 103.03622834361273 106.68051688453251 96.97741014404963 71.56023830387629 65.30053370722948 104.12217893898566 99.5662704455364 118.48531535028609 96.40797366583521 87.99007650579384 93.33563591201879 52.599174995308736 147.8037648849994 78.8912019815344 86.28063372877433 123.36763431386642 106.42889337170723 107.71386127758483 85.98650460192185 75.0832897354892 98.69545807673404 108.30603607368647 114.72088979474469 113.71672539976157 108.77919005458946 122.89625053854436 89.61274873456628 108.3719057904845 141.46720264925165 94.81204891023886 66.5413451247152 117.17582588062277 127.04386511215174 76.62198299349994 49.87498189740332 67.94125533803606 105.35910922378707 79.19453310891848 70.89799896374227 122.57347264603403 109.52298595490524 86.28063372877433 93.16241740065126 96.48281428157992 102.089602813233 78.66487632813735 108.77919005458946 101.00322952398656 109.84842536893461 100.3848681606554 120.62270719508325 104.84369993269877 111.02346988642907 113.88856543073547 125.59001706538051 78.32471403788804 84.04308025019138 121.72013141221652 75.0832897354892 56.92617314808167 108.89539591211677 94.80429014554772 96.8544063624832 105.35910922378707 117.34249356147589 123.35930323785557 101.55213539427794 127.1624623035747 98.19484383275791 107.62926693541512 114.80048728335603 94.43424730572917 62.963467039980685 92.25996056237068 67.77150418332903 120.62270719508325 123.78994939032845 96.90412345040883
104.84369993269877 58.73426455715205 146.08667020587234 39.010629546507616 102.42922376694055 77.70541146632941 140.7938134486165 77.28338927217371 94.51162582466684 98.40527155133177 96.47387943654635 138.54018772314677 121.48351222724087 117.84274485819847 61.12910835282801 84.02127877164865 127.1624623035747 89.75110701072624 0.0 94.99613503266156 95.19964349283825 67.94125533803606 109.67196255173167 75.34259338742969 87.35772237975158 141.9354439108702 120.1143555180867 70.89799896374227 87.35772237975158 97.33394146115171 116.58063355546741 124.27773973098122 104.929156828394 105.65882689391721 94.99613503266156 108.4835639039824 94.56683489778659 128.38260092321693 139.5363199600168 92.80846176236739 76.64526613516273 145.88208595326438 140.7938134486165 93.32618517598377 111.23885296323974 104.7360193334813 113.84127468636228 49.71112667283219 97.44706320426478 78.05145959595718 71.77416443629706 101.00322952398656 85.89601230896163 126.49071396972995 61.23380438671199 117.24226153236093 104.40555833548831 125.02903727482591 92.45494543481595 117.40947811876393 97.52916259763055 78.58954172124854 97.52916259763055 141.9354439108702 82.46524873498805 87.72649878959194 127.04386511215174 77.81190641268631 114.80048728335603 80.93037661539805 117.24226153236093 115.82879561204643 104.929156828394 86.28063372877433 121.19423022394884 61.12910835282801 124.66355365019024 140.7938134486165 81.89091031672442 103.6955434772114 136.5528074065245 96.47387943654635 137.4680198336675 148.44566020875794 61.23380438671199 87.66664073998753 111.20858280674132 99.79477211167088 108.62802045408151 49.71112667283219 142.33164776174374 108.16383729321979 86.28063372877433 96.90412345040883 91.90216607439058 87.77585104924322 94.99613503266156 89.85004724895114 83.97314243893534 80.01442858845343
128.7370742432958 105.35910922378707 100.91149924399997 96.40797366583521 85.1891195678063 75.6305670986894 101.3179341647856 117.40947811876393 111.952625709266 39.010629546507616 77.81190641268631 109.45924506804933 81.6712148695845 92.64491639362092 82.77183394130373 106.59901582573002 101.02963787825146 105.80161084694437 94.99613503266156 0.0 61.3446739362325 105.45498724574371 94.62701161187019 49.87498189740332 133.06271514591316 92.62096104772348 78.32471403788804 45.699790342021664 58.14678364518455 106.59901582573002 96.03360650389169 97.22551576439476 94.51162582466684 120.14409917866152 105.74340347745382 125.55508305893174 94.2080855307755 120.14409917866152 96.90412345040883 146.61824790876443 65.30053370722948 61.87403875386931 62.95536093715318 123.36763431386642 58.14678364518455 118.85617956588702 90.18622000747418 79.32998239650613 99.2210803967028 114.72088979474469 109.52298595490524 91.11374171449319 80.76203654317604 108.89539591211677 137.4680198336675 107.42735139625194 94.56683489778659 136.2546529593743 99.5662704455364 85.1891195678063 65.02664045835924 72.2665163399796 84.04308025019138 61.87403875386931 103.61461632768494 106.68025070930435 86.90265165974614 97.33394146115171 114.08412225545929 77.70541146632941 95.70476006297635 101.55213539427794 95.45906311965501 105.74340347745382 111.76789597016791 92.62096104772348 101.02963787825146 88.77863274909907 90.11185570154085 107.74836170119293 107.62926693541512 76.2809396515626 123.46637328762816 98.68135347803295 124.98229540960301 107.50077235153776 135.54503637904065 126.05953392776082 78.8912019815344 110.77008723684109 146.87830148931167 141.46804149916335 115.82879561204643 141.46720264925165 124.72084902747505 98.69545807673404 122.89625053854436 99.79477211167088 108.77919005458946 69.71753168339487
76.5516927789308 107.99337773879725 131.5568186966065 152.70936761067156 109.09862131326247 68.7864284311699 86.27972220018651 74.28640725406098 87.29851943519014 83.00290346972955 111.76789597016791 89.17393288394146 148.44566020875794 92.45494543481595 109.67196255173167 105.55858696925101 98.02229628286729 108.89539591211677 95.19964349283825 61.3446739362325 0.0 146.27709194635707 101.03953600508743 127.1624623035747 108.77919005458946 105.4344055455905 69.71753168339487 147.8037648849994 97.52916259763055 93.32618517598377 94.94723257127114 82.42930378677141 136.23067770498164 33.70141144270198 83.97314243893534 84.07410019545988 81.29789623858414 62.88735708605859 95.19964349283825 138.88693963352338 131.44149150551993 83.00290346972955 131.5568186966065 95.14852412398922 139.5363199600168 120.1143555180867 113.48504750758097 39.010629546507616 114.80048728335603 78.58954172124854 158.09984614406667 90.20092857575774 50.63371139271805 86.90265165974614 109.09862131326247 97.52916259763055 104.929156828394 113.88856543073547 76.5516927789308 97.93329322731246 130.62487607221738 127.1624623035747 95.45906311965501 108.76255452834434 99.6777952872338 106.78332675192708 107.59217487075499 144.1518597096042 71.77416443629706 86.90265165974614 94.56683489778659 89.17393288394146 98.49662923527318 94.56683489778659 106.37862514674028 78.05145959595718 37.55392797621897 114.08412225545929 89.91518212660063 71.98460144471042 98.02229628286729 122.89625053854436 87.29672910210053 102.65564201995845 80.60780773380512 118.41522407625854 107.74836170119293 96.8544063624832 126.65141819239912 103.6955434772114 87.60917012588992 68.7864284311699 92.64491639362092 89.85004724895114 92.21469037065893 79.19453310891848 51.30295242344802 105.45470837563161 58.73426455715205 96.40797366583521
