100
0.0 117.20784994661197 139.99119179167712 124.00141860770776 72.56984540771361 109.43738988342642 100.36840016903554 63.374595716996545 117.20778575535891 114.06596718425217 114.88837693460788 140.61524308784055 86.4027230343305 73.28840517274728 48.90648598815768 69.37465615673347 58.415505538419474 92.64510766078882 49.47658419655888 96.50336275778088 124.94559962098172 89.59969464582166 48.17328425433993 125.41403147503931 106.42586345732416 89.21836032266819 85.90872053615456 92.00388977650428 83.3982682596795 119.24567075722901 86.40541653645053 102.56602487986756 145.6389703863254 123.23245001607455 105.59728329129413 95.54978971322835 105.66122630089619 89.7066589703969 116.4652109309142 139.99119179167712 92.1280207543497 102.328872041881 117.24791796721043 110.66690474166924 124.12459193685117 127.38268927355058 130.59205755405824 112.34683966794378 63.312804042289365 113.17375820295683 102.61399181011794 100.73743098144821 133.853077806372 95.46696657064274 63.941546690000614 77.85657462286612 126.86407623894318 93.73137068202597 108.42318166762541 56.21366471657647 124.66928412256075 70.91228389278854 108.64550057657972 85.012105712763 58.60718230172355 136.61379719764247 112.27707453349959 49.47658419655888 114.15397907949355 81.08552740151755 112.745104268993 132.67525948944967 107.61461297727193 147.79403472309204 87.80489125614385 153.5106523947716 86.9283153325247 114.15397907949355 99.94829809796981 120.52410449934376 133.10959116796224 124.94559962098172 103.1304045169778 84.42371340831413 129.2975586662643 61.40122734491987 92.1191795044234 104.06958736238485 144.02109746930944 81.11832303684042 64.91348763931902 67.98391518312287 119.310604034825 107.53069485062805 102.15331591053867 151.92271176033816 129.1821768212189 83.36083491428374 66.13678540312821 145.5154935128653
117.20784994661197 0.0 79.39427782601398 109.26428707341375 89.54704824230333 100.46810297197707 61.45409461314418 113.31979435076813 120.87428355760312 90.24361869603463 88.11147059781655 108.62897567150566 106.8001624094606 93.99097314909577 103.21655480111593 62.54251215726835 85.25305503556538 96.15314940807448 117.28621075136797 118.38026826320129 80.38641364993461 113.60954813951668 95.88414295013413 56.21366471657647 110.86095581200433 89.8513293835406 76.7426780996305 117.44238257816555 118.8707336504237 114.60273472707651 124.66928412256075 125.97092800006644 57.563357474060076 107.53069485062805 119.24567075722901 105.01013668512647 109.67675939998327 93.31559862820765 137.7967352229425 122.540710115204 48.11558763896776 126.2017162668137 96.15314940807448 98.91885357463472 58.415505538419474 92.22381692972687 152.93634157452425 113.31979435076813 80.40182283860493 71.63040476280906 73.28840517274728 119.66567041472175 106.77317656164271 96.20944490683064 53.21725518190809 93.73137068202597 93.71732443715611 73.62341245913974 93.89770885646915 112.39695309005224 91.26594330709543 85.012105712763 103.9396750235053 68.17067943178282 109.75163725627714 118.8707336504237 119.34931973856895 120.52066242858491 113.60954813951668 115.73975550100553 119.38232360941885 104.20510488205655 113.78209693379986 120.67770319418977 92.64510766078882 80.56912676526379 95.59755787906299 115.94758629979744 48.17328425433993 126.74552951443127 105.59728329129413 95.74307755850761 126.68863909764242 110.98045948664023 102.13669018631157 96.06564417178495 82.09159436094305 94.22597941431212 58.3142092134096 105.69678847873813 85.012105712763 112.745104268993 113.05680353609691 151.63882234981415 143.48240690983548 93.24154028200174 62.65434670869535 101.06783468497777 76.72991704478764 83.2840591054165
139.99119179167712 79.39427782601398 0.0 137.74120299435617 98.31779896143696 145.6389703863254 81.63807315900146 70.97559981462445 126.35589089974884 96.30166104236709 104.98494783739494 114.26797813007121 81.89809513067752 108.62897567150566 87.5841709128639 66.91476100163945 79.78850921828604 98.7961254287558 139.99119179167712 138.6321744659228 85.37251467087034 103.48248217510935 124.07953994830523 81.68241203740568 81.78235826818513 127.38268927355058 81.78235826818513 96.50336275778088 118.49144031923763 119.16749050189054 152.93634157452425 102.92614110657854 66.53189110925834 110.8500629439884 137.30977345279524 53.07810293342447 103.48248217510935 112.12371049739417 82.37668769038159 89.13878532565387 108.04688924531544 89.97502875036056 84.71968855137911 114.54009789306247 109.60577265621184 108.38495237590007 96.91491232162781 107.20766516247389 106.38673268730122 42.15306582393522 116.87064682048796 77.85657462286612 87.24005665395764 126.73517112612666 97.15476735675477 85.36409827491687 83.3982682596795 81.68241203740568 79.71042589407296 75.25072384486535 132.558075054282 149.184686249655 75.08831500745384 106.38673268730122 79.14338330736936 72.96065101483799 103.75194385452917 124.07953994830523 128.75912730995879 66.7440951604323 86.025271854697 139.95575092494508 133.24278063226535 79.7486604926597 65.95266068525936 154.03536644605666 132.67525948944967 99.94829809796981 77.98541739557305 173.32515388836111 145.35533744617715 38.80901818801821 50.0151959033534 103.42876405824363 126.05291176161788 102.76883728180917 75.27609031733914 91.74438395088237 71.4842131210258 134.3051465357583 72.44507052086664 99.0910111643601 54.894651257576896 108.42318166762541 118.49144031923763 139.92119949247223 96.68426659610812 128.7534365257896 136.57959139690217 92.46316744275087
124.00141860770776 109.26428707341375 137.74120299435617 0.0 62.152927971947975 139.5320975027151 92.64314644493913 94.5577273341276 108.95010434507346 80.18678084608646 115.6778430466237 114.26797813007121 103.92435573361834 118.51249701590636 77.11905667585246 115.73975550100553 102.76883728180917 54.86656977485316 83.36083491428374 103.21655480111593 109.5964890222809 102.92614110657854 110.52043804848877 65.6130656067669 139.78509512127337 105.49861980120704 114.60273472707651 82.3412436384652 84.71968855137911 61.24698104562764 136.81525203956508 96.91491232162781 120.63504902044444 117.61617229144007 123.70921698014692 102.328872041881 128.73959770263414 70.97559981462445 138.18533330044443 92.1280207543497 124.14177791720186 142.04325765846264 111.25164714760348 86.42484153252232 90.19638619877297 123.93776927027909 90.42916204655313 139.99119179167712 112.12371049739417 74.01963773362851 85.76876182446608 89.13878532565387 112.89308976761022 90.63450101827576 71.06178271819141 88.2761209305933 104.11455696223679 82.3412436384652 109.89844515826513 105.53777859158473 139.5320975027151 102.31958407549428 102.56602487986756 94.63599109614269 120.87428355760312 157.2360397865397 66.13678540312821 77.76272741707596 118.7949801049372 86.59361166091304 124.94559962098172 102.92614110657854 94.19676987879716 119.82879399484881 127.00636393995678 69.29781242919877 122.54160056547477 116.99235393271383 145.6389703863254 120.46317871216439 117.28621075136797 123.1855856542175 115.50562178130525 89.10279793305025 90.24361869603463 112.74365157477101 106.0654403451562 115.31303757538478 106.1083297100409 120.76909775806624 111.91036096889707 103.75194385452917 58.467970079608236 121.93657008415029 106.41787719878471 69.37465615673347 67.72791938896079 110.04319201987968 79.71042589407296 114.33829223528573
72.56984540771361 89.54704824230333 98.31779896143696 62.152927971947975 0.0 81.55023415681357 143.48240690983548 77.31368607229967 118.8589360088757 144.64904012564813 115.19964502902059 114.27062674998511 151.97297755140477 110.57904838137961 128.7534365257896 140.91178108766937 109.60577265621184 72.96098304564859 93.7974452576081 69.23216228149663 108.04688924531544 88.24653247237592 98.37749964312447 97.4155154231338 63.500488479857765 50.95353867527875 122.540710115204 81.78235826818513 137.74120299435617 131.94744581840348 117.99859438085912 89.33564612636229 148.06063938167364 85.91279422391318 98.88412956158868 105.26129869778666 114.58104171065075 151.63882234981415 72.2466913160031 88.02436714887452 103.27453473130305 25.78864226766882 80.38854304606824 139.5320975027151 99.94757105480379 114.27062674998511 88.11147059781655 84.75156197823779 72.56984540771361 119.91031193492954 65.86622685070817 90.01024624143149 124.14702943455652 124.07953994830523 101.95494383727002 66.53189110925834 90.09125477475888 75.2278127512451 84.75156197823779 64.91348763931902 124.44976515712744 69.2167695120319 93.68484268143602 97.35876157110006 122.63503074523456 119.16749050189054 94.26151102929093 85.38160537733734 110.22916074067692 114.69840712109743 110.19470936882968 76.989912935993 114.69840712109743 92.41653351651703 134.3051465357583 119.47928792637848 107.82339417508089 116.87064682048796 66.13678540312821 129.1821768212189 97.36046267456534 84.10947599042802 66.91476100163945 118.69160278887882 97.4155154231338 91.00234557110096 91.0903245249386 118.97038752866854 66.04927665303535 103.15429410573871 104.11455696223679 114.15397907949355 111.39574004950231 75.53795366118496 99.70710454304773 132.81730281580303 119.34931973856895 86.59361166091304 115.93899993815157 106.71543667592205
109.43738988342642 100.46810297197707 145.6389703863254 139.5320975027151 81.55023415681357 0.0 113.00998714996093 51.504816741075956 93.73137068202597 130.73163490415496 62.07729706025382 120.44933999927504 25.78864226766882 133.24278063226535 65.6130656067669 55.15305777723512 62.509519000270444 92.05475844106229 77.70748956067055 88.02436714887452 92.73945509832997 108.95010434507346 68.30253142422089 85.012105712763 114.15397907949355 130.70638010345306 117.22266589089918 102.74861136236812 98.54045417050119 73.62341245913974 65.38317389091061 63.09475451494379 123.1855856542175 96.68426659610812 93.7974452576081 140.91178108766937 70.30249973136453 97.36276299311238 82.37549544016875 143.2993990334374 97.37192863493102 70.48825542779738 116.87064682048796 116.94078716051949 124.30093384617152 107.1678280832664 98.64471859287396 143.44637662406836 89.59969464582166 71.63040476280906 102.25314430203343 103.48248217510935 102.26948600051647 152.93634157452425 94.39080813829939 94.26151102929093 80.18678084608646 110.8500629439884 72.2466913160031 83.68046989089106 93.73137068202597 91.52348958377988 116.50482436191965 126.86407623894318 75.25072384486535 95.53693438100393 71.8217736735434 96.86610262516122 126.47588181517648 137.7967352229425 100.73743098144821 109.5781021564214 80.5211706556407 97.70980766861675 68.08129206437845 90.57780977680471 98.88412956158868 55.15305777723512 102.56602487986756 123.99059656010793 59.34930691386627 116.95720368089296 63.79204870455097 122.22978466183264 114.26797813007121 109.89844515826513 116.4652109309142 106.42586345732416 100.00983647331888 92.73945509832997 94.25791156183826 123.99059656010793 93.68484268143602 102.56602487986756 45.3558417445177 110.19667625217691 105.59728329129413 132.55869310921693 149.72490277451868 84.71968855137911
100.36840016903554 61.45409461314418 81.63807315900146 92.64314644493913 143.48240690983548 113.00998714996093 0.0 94.22597941431212 52.67964721989414 116.94078716051949 81.80574109765723 149.91284300847025 67.37026938289387 42.15306582393522 83.3982682596795 120.31919555896184 112.8456039384772 78.37867696908978 84.0710879266887 119.47928792637848 145.9671084958494 96.15314940807448 92.1280207543497 131.30285470053664 131.46920061529033 62.65434670869535 74.61839255194629 131.85910591072368 113.47595232632678 96.2908735367156 136.70016676083964 123.09273436058275 63.500488479857765 100.81064801530312 136.81525203956508 99.6588695900521 61.24698104562764 81.89809513067752 104.7638003573161 125.41403147503931 72.77832212372118 82.37668769038159 75.24641481508836 85.25305503556538 89.8513293835406 36.94820176117498 120.65220849431961 81.90095460764306 125.63559265996548 140.90800662578266 80.59303764132102 109.75163725627714 75.27609031733914 106.1083297100409 128.4616596186437 140.90800662578266 77.98541739557305 122.22978466183264 80.18678084608646 122.32205776946937 119.77542031332626 114.44462552741656 97.36046267456534 49.47658419655888 76.28453831169185 62.40904058268669 75.08831500745384 105.36160225754844 123.257720775672 86.93702241541779 105.36160225754844 77.31368607229967 118.87296209360785 114.98766941790865 113.31979435076813 85.8798568469542 36.94820176117498 113.31979435076813 66.91476100163945 103.27453473130305 95.9958190080837 137.74120299435617 106.77317656164271 99.22144059041148 136.70016676083964 126.02475509090533 103.81046082714232 77.29297050436834 133.73519183289974 55.04734643414136 62.54251215726835 120.60915409701059 109.97335268160138 77.40412284797634 131.64959230321756 22.20546496428966 112.8079327520642 115.00503577873465 105.66122630089619 76.72991704478764
63.374595716996545 113.31979435076813 70.97559981462445 94.5577273341276 77.31368607229967 51.504816741075956 94.22597941431212 0.0 113.60954813951668 119.49342819551387 85.05456240583925 115.00503577873465 69.23216228149663 82.09159436094305 116.99235393271383 86.93702241541779 114.58104171065075 118.20024241878497 102.92614110657854 116.4652109309142 127.85597557639878 67.7861727489332 118.97038752866854 44.67389668622286 110.66690474166924 138.6321744659228 127.00636393995678 127.27498576044118 126.74552951443127 98.31779896143696 70.30249973136453 87.5841709128639 119.34931973856895 76.81483999994308 91.11423709515518 79.15840963868213 73.98834890799698 100.00983647331888 89.14893625162792 137.15802949417522 118.77714120470165 123.70921698014692 65.26958791401984 90.42916204655313 80.2489453193457 81.90095460764306 147.79403472309204 86.90860317748792 76.65428088503609 95.96847134146685 97.30733277342053 95.88414295013413 89.54704824230333 100.92488159688115 114.0235602739208 85.76876182446608 97.24489712486219 115.21038742553564 74.5303561986043 85.53920593215615 95.12434373621973 63.72994647705186 77.98541739557305 119.06550992462083 127.0238987429542 140.91178108766937 68.32016527464305 87.7630872269969 167.96140328011347 118.45486410308347 104.54256097294359 120.44933999927504 118.8589360088757 138.48868949793342 80.59303764132102 119.66567041472175 85.91279422391318 118.45486410308347 116.4652109309142 80.56912676526379 98.13299322628878 111.98855908803239 123.66379298019494 80.38641364993461 85.37251467087034 80.38854304606824 85.02628647702795 82.94841007890926 101.14194840825307 90.01024624143149 102.25572372561292 98.12713616637853 105.8852846276361 81.90095460764306 89.10279793305025 97.42732423016315 127.0657305822593 143.2993990334374 107.82014436290366 113.47595232632678
117.20778575535891 120.87428355760312 126.35589089974884 108.95010434507346 118.8589360088757 93.73137068202597 52.67964721989414 113.60954813951668 0.0 78.1929264248683 120.46317871216439 151.97297755140477 103.42876405824363 94.22597941431212 114.0235602739208 98.91885357463472 67.47726577184629 91.74438395088237 104.31082760742616 133.13567041061395 52.62893474846699 50.0151959033534 73.98834890799698 96.30166104236709 97.33137234641659 100.00983647331888 124.1484314825584 102.25572372561292 124.46752547809177 135.9723629998037 114.44462552741656 92.41653351651703 85.76876182446608 110.15498890342194 112.89015128319204 91.26594330709543 89.60770034763195 88.93197037994211 98.34853095868327 28.714117260693968 114.0235602739208 98.54045417050119 103.7365152441427 97.36276299311238 118.7949801049372 138.3886871292201 80.93055611675503 92.64510766078882 85.25305503556538 111.39574004950231 121.52203430614061 134.9083068543081 103.82049586950403 117.78149402807009 77.40412284797634 81.90095460764306 83.58999644656681 124.14177791720186 73.27917311173631 130.20860630100566 86.28013363318408 95.59755787906299 93.73137068202597 87.80489125614385 110.45934192930912 112.8079327520642 109.97335268160138 118.97038752866854 144.36171261868367 118.77714120470165 97.70980766861675 107.85293587627822 120.87428355760312 102.94043278856583 92.36606261940854 98.54045417050119 73.9176578873109 152.4866822340664 91.0903245249386 96.15314940807448 95.12434373621973 131.30285470053664 89.54704824230333 93.68484268143602 110.86095581200433 127.38268927355058 116.95437822615233 58.198765163790235 118.97038752866854 117.20778575535891 76.7426780996305 128.75912730995879 116.22127662260547 89.59969464582166 87.26303682231848 128.75912730995879 124.08082811422868 119.66567041472175 84.02468053453106 117.65803251934135
114.06596718425217 90.24361869603463 96.30166104236709 80.18678084608646 144.64904012564813 130.73163490415496 116.94078716051949 119.49342819551387 78.1929264248683 0.0 96.68426659610812 116.4652109309142 95.16654624702963 134.9083068543081 97.98548253569055 140.03588996154235 74.01963773362851 55.15305777723512 83.2840591054165 81.90095460764306 109.79669997393168 88.50946970357035 120.49015961614502 116.04840112042967 110.49272884293063 100.05733130845692 87.59349623910188 104.20510488205655 79.04619042740585 79.78850921828604 92.41930516190476 152.4866822340664 105.53777859158473 96.20944490683064 130.70638010345306 105.01013668512647 83.3982682596795 100.38005129258995 83.3982682596795 58.198765163790235 71.63040476280906 104.7638003573161 139.30222537694692 106.61618463802573 117.92783061543858 91.74438395088237 83.77215641120051 110.52043804848877 113.31979435076813 75.53795366118496 85.25305503556538 58.60718230172355 136.57959139690217 61.915143056900604 97.2304880699949 143.44637662406836 129.13951330600992 75.08831500745384 124.66928412256075 142.04325765846264 91.26594330709543 130.07065906610399 83.90480832797631 110.12155658944661 101.69143141163502 122.58341223088682 77.29297050436834 99.82731889635849 143.44637662406836 142.52585617744737 105.34822992652461 97.05563342479772 64.6029852847994 97.4155154231338 114.74492108382465 52.44620336990804 143.2993990334374 79.7486604926597 123.4045915931263 107.17637508934433 120.60915409701059 74.52086737210624 70.47204073803555 89.07730287684878 84.2099009009131 124.12459193685117 112.72926658125381 85.02628647702795 70.47204073803555 149.91284300847025 39.09321651226863 130.59205755405824 131.94744581840348 99.62678115746633 77.51429255970112 112.12371049739417 138.06886480564444 79.91488290358927 88.87633193773247 120.60915409701059
114.88837693460788 88.11147059781655 104.98494783739494 115.6778430466237 115.19964502902059 62.07729706025382 81.80574109765723 85.05456240583925 120.46317871216439 96.68426659610812 0.0 106.51777656219963 91.48122222705727 107.82014436290366 116.50482436191965 49.47658419655888 116.95437822615233 112.95335465982488 69.37465615673347 62.65434670869535 80.89177252507619 97.43700264447081 54.86656977485316 103.24449257939158 115.19964502902059 110.12155658944661 102.86084448854906 115.6778430466237 131.64959230321756 116.50482436191965 57.563357474060076 93.24119310900889 89.9229271978692 85.76876182446608 111.25164714760348 113.60954813951668 128.75912730995879 75.2278127512451 107.53069485062805 90.70778641962688 72.25792888736873 131.85910591072368 114.58104171065075 77.46063922255517 86.93702241541779 101.84230556091698 58.198765163790235 103.24332352345598 133.73519183289974 105.69678847873813 101.69143141163502 94.6466662379602 124.94951124245532 79.89784971464243 30.985444878135 53.26197328366049 102.4354977724899 167.96140328011347 117.99859438085912 96.16101570903155 114.02033127395967 84.42371340831413 94.958237099713 129.5183290231987 45.52740976302756 124.47536786834534 103.30835005894944 76.65428088503609 28.714117260693968 70.48825542779738 102.4354977724899 97.70980766861675 108.95010434507346 77.46063922255517 93.19994364881381 61.40122734491987 119.38232360941885 61.40122734491987 110.98045948664023 73.62341245913974 76.989912935993 124.12459193685117 94.22597941431212 91.12346123644762 114.06596718425217 102.328872041881 114.27062674998511 76.2593946184474 85.05456240583925 124.12459193685117 119.91031193492954 81.11832303684042 149.72490277451868 98.34853095868327 56.51043222781803 97.37192863493102 89.97502875036056 102.86084448854906 96.29501510697378 106.61618463802573
140.61524308784055 108.62897567150566 114.26797813007121 114.26797813007121 114.27062674998511 120.44933999927504 149.91284300847025 115.00503577873465 151.97297755140477 116.4652109309142 106.51777656219963 0.0 97.97026034793308 115.94758629979744 53.26197328366049 86.18644214746803 72.2466913160031 98.91625213312953 101.34343533566435 137.74120299435617 61.40122734491987 117.9344745664396 108.04688924531544 75.2278127512451 119.47928792637848 97.15476735675477 140.2693351662443 86.1844923436661 102.83540947314573 99.94829809796981 114.60273472707651 122.91883379664341 117.65803251934135 144.79750927694104 139.78509512127337 79.39427782601398 127.27498576044118 123.66379298019494 102.86084448854906 101.06783468497777 97.36276299311238 98.7961254287558 173.32515388836111 114.98766941790865 71.97413231413792 58.198765163790235 80.38854304606824 89.07730287684878 96.6210348982117 129.9595806787773 88.16639824132827 67.98391518312287 76.74443133174218 72.56984540771361 100.5869845444693 88.02436714887452 108.65061069525403 96.06564417178495 63.06715751186048 130.07065906610399 114.54009789306247 71.97413231413792 113.17375820295683 79.71042589407296 139.5320975027151 60.56499408440841 68.99240316858982 117.24791796721043 137.15802949417522 72.39310886594095 90.42916204655313 100.5869845444693 91.56849405868951 84.9654033441751 124.41883923065176 89.7066589703969 93.37343864832253 139.95575092494508 109.1003601081643 98.12713616637853 95.59755787906299 123.93776927027909 80.93055611675503 127.0238987429542 106.71543667592205 56.51043222781803 103.27825475408783 127.27498576044118 75.25072384486535 103.81046082714232 84.02468053453106 110.8220581350666 119.06550992462083 105.59728329129413 96.16101570903155 85.36409827491687 122.68600039579962 112.74365157477101 91.91442079962508 80.35214683556784
86.4027230343305 106.8001624094606 81.89809513067752 103.92435573361834 151.97297755140477 25.78864226766882 67.37026938289387 69.23216228149663 103.42876405824363 95.16654624702963 91.48122222705727 97.97026034793308 0.0 139.99119179167712 124.07953994830523 120.46317871216439 128.7789421899215 58.60718230172355 98.31779896143696 131.94744581840348 86.1844923436661 83.68046989089106 74.5303561986043 63.61229790381349 114.15397907949355 122.22978466183264 117.73698964329151 122.91883379664341 64.91348763931902 69.95090796493474 63.79204870455097 85.38160537733734 100.84652959722723 77.31368607229967 114.60273472707651 132.558075054282 114.74492108382465 133.73519183289974 125.41403147503931 112.12371049739417 117.61617229144007 114.44462552741656 49.47658419655888 90.89782304830514 61.132536205953954 103.1304045169778 86.28013363318408 96.6210348982117 52.44620336990804 92.1191795044234 120.63504902044444 104.98494783739494 68.08129206437845 112.8456039384772 116.81759633163057 124.12459193685117 115.93899993815157 127.0238987429542 85.83594685367316 81.11832303684042 151.63882234981415 96.68426659610812 139.78509512127337 88.02436714887452 70.91228389278854 157.50682003199933 71.63040476280906 77.51429255970112 102.56602487986756 81.08552740151755 63.77718854057579 118.8707336504237 73.9176578873109 124.13014575561022 86.025271854697 145.5154935128653 88.20126281566226 90.57780977680471 136.70016676083964 72.86293064230384 117.22266589089918 106.77317656164271 91.30457236254259 123.93776927027909 109.97335268160138 101.34343533566435 120.46317871216439 102.76883728180917 118.49144031923763 117.65803251934135 115.31303757538478 119.82879399484881 127.0657305822593 114.15761367808615 54.894651257576896 131.46920061529033 153.5106523947716 77.46063922255517 140.26955827413377 103.98588222272795
73.28840517274728 93.99097314909577 108.62897567150566 118.51249701590636 110.57904838137961 133.24278063226535 42.15306582393522 82.09159436094305 94.22597941431212 134.9083068543081 107.82014436290366 115.94758629979744 139.99119179167712 0.0 108.04688924531544 83.77215641120051 67.47726577184629 63.06715751186048 106.1083297100409 104.41100248137987 129.13951330600992 69.23216228149663 55.4806760972178 101.06783468497777 108.79320643918346 95.46696657064274 135.95015372262324 66.97679083052361 100.73743098144821 124.39676802893646 106.51777656219963 112.34683966794378 137.7967352229425 149.72490277451868 88.20425077946423 112.34683966794378 116.50482436191965 148.06063938167364 91.56849405868951 104.91898735424073 107.82014436290366 117.78149402807009 84.16183370023303 72.56984540771361 96.2908735367156 125.63559265996548 123.11215504459574 99.38133356632437 86.43570180677388 112.745104268993 45.52740976302756 142.68803532433063 92.16550746524048 77.51429255970112 119.49342819551387 84.02623495139724 77.70748956067055 106.61618463802573 118.8707336504237 153.5106523947716 112.89015128319204 76.74443133174218 126.36671166319587 143.81212660220265 142.68803532433063 95.49065317487943 63.872810280238554 112.89015128319204 88.20126281566226 102.9509032595426 115.73975550100553 58.467970079608236 94.08981806838229 97.89124617794377 132.55869310921693 101.92476909805181 101.95494383727002 97.24489712486219 108.42318166762541 119.24567075722901 124.07953994830523 86.28013363318408 108.49880864135352 138.18533330044443 76.9847456940155 71.8217736735434 99.70710454304773 28.714117260693968 61.45409461314418 97.98548253569055 104.98494783739494 88.02436714887452 140.91178108766937 91.12346123644762 101.34343533566435 98.86088807521601 140.12517864160301 100.00983647331888 79.71042589407296 112.11960375709009
48.90648598815768 103.21655480111593 87.5841709128639 77.11905667585246 128.7534365257896 65.6130656067669 83.3982682596795 116.99235393271383 114.0235602739208 97.98548253569055 116.50482436191965 53.26197328366049 124.07953994830523 108.04688924531544 0.0 79.14338330736936 91.26594330709543 106.71543667592205 120.49015961614502 130.73163490415496 106.41787719878471 131.94744581840348 67.10920388206722 115.93899993815157 136.57959139690217 119.38232360941885 98.54045417050119 142.52585617744737 151.97297755140477 100.73743098144821 100.38005129258995 79.7486604926597 151.63882234981415 151.92271176033816 119.38232360941885 53.86292282310948 118.20024241878497 102.76883728180917 89.60770034763195 83.58999644656681 83.77215641120051 92.00388977650428 109.89844515826513 124.40950922589806 143.81212660220265 133.853077806372 115.50562178130525 94.90311581095612 126.73517112612666 58.60718230172355 76.81757771868875 124.14702943455652 105.27390584293066 91.56309037273427 99.0910111643601 91.50056769821742 105.70587998072908 130.73163490415496 93.24119310900889 139.95709035875345 102.9509032595426 119.82879399484881 69.07022361633909 58.3142092134096 123.257720775672 136.57959139690217 119.06550992462083 70.97559981462445 109.60577265621184 173.32515388836111 77.11905667585246 139.9848057960812 106.0654403451562 139.9848057960812 114.15397907949355 61.45409461314418 96.6210348982117 92.00388977650428 92.67272745437896 123.99059656010793 149.91284300847025 72.96098304564859 61.45409461314418 124.46752547809177 132.9411799960034 102.13669018631157 112.12371049739417 97.1713265171527 45.52740976302756 117.9344745664396 86.18644214746803 118.69160278887882 88.87633193773247 112.27707453349959 70.30249973136453 110.0806632539382 108.46387253921196 124.47536786834534 85.8798568469542 97.89124617794377
69.37465615673347 62.54251215726835 66.91476100163945 115.73975550100553 140.91178108766937 55.15305777723512 120.31919555896184 86.93702241541779 98.91885357463472 140.03588996154235 49.47658419655888 86.18644214746803 120.46317871216439 83.77215641120051 79.14338330736936 0.0 120.49015961614502 104.11455696223679 83.3982682596795 58.47946379624637 125.97092800006644 71.63040476280906 110.15498890342194 81.78235826818513 117.61617229144007 156.39712420531941 86.68530440735599 85.38160537733734 142.68803532433063 94.63599109614269 157.2360397865397 124.07953994830523 84.52146905624517 110.0806632539382 102.25314430203343 126.73517112612666 122.74272019893472 108.48864045004129 141.2241996651431 98.5605673497173 92.41653351651703 126.35589089974884 102.26948600051647 129.52754043834682 84.71968855137911 97.37192863493102 104.61216804753506 126.86407623894318 82.94841007890926 65.6130656067669 97.36276299311238 126.03341907994016 109.04076874781143 106.51777656219963 96.91491232162781 119.47928792637848 103.42876405824363 102.94043278856583 96.16101570903155 129.1821768212189 102.328872041881 88.93197037994211 80.40182283860493 120.49015961614502 105.34822992652461 98.91885357463472 89.7066589703969 112.8456039384772 96.20944490683064 64.6029852847994 96.30166104236709 123.66379298019494 68.30253142422089 87.68826860827367 97.15476735675477 89.60770034763195 143.48240690983548 57.74770466812939 28.714117260693968 97.37192863493102 28.714117260693968 100.02074120307365 143.44637662406836 72.25792888736873 91.00234557110096 118.58497012836936 80.18678084608646 76.81483999994308 97.06559913894328 88.93197037994211 110.49272884293063 142.3404889362713 89.60770034763195 118.77714120470165 132.558075054282 68.2089284683989 98.7961254287558 76.81757771868875 103.7365152441427 119.82879399484881
58.415505538419474 85.25305503556538 79.78850921828604 102.76883728180917 109.60577265621184 62.509519000270444 112.8456039384772 114.58104171065075 67.47726577184629 74.01963773362851 116.95437822615233 72.2466913160031 128.7789421899215 67.47726577184629 91.26594330709543 120.49015961614502 0.0 91.0903245249386 71.8217736735434 86.1844923436661 73.62341245913974 68.32016527464305 56.51043222781803 125.63559265996548 89.01241014941986 112.89308976761022 22.20546496428966 64.20848766625875 98.64910846757087 98.1134953756815 49.30190092677071 45.3558417445177 79.14338330736936 149.91284300847025 66.205996742671 120.3360858509774 100.5869845444693 108.48864045004129 118.38026826320129 97.05563342479772 85.93468136764274 64.91348763931902 92.1280207543497 63.312804042289365 167.21035707223928 66.04927665303535 119.82879399484881 79.7486604926597 124.2310562168238 114.27062674998511 50.95353867527875 81.63807315900146 92.34240816275319 94.08981806838229 91.28916754859372 72.56984540771361 118.20024241878497 98.37749964312447 52.62893474846699 120.49015961614502 72.96098304564859 90.70778641962688 123.93776927027909 105.53777859158473 109.04076874781143 85.83159395309924 112.95335465982488 117.78149402807009 88.87633193773247 80.90602635576822 105.26129869778666 90.09125477475888 107.79976161661024 77.70748956067055 86.40541653645053 70.30249973136453 102.76883728180917 129.5183290231987 79.15840963868213 119.66567041472175 76.8483975018721 99.0910111643601 124.1484314825584 115.50562178130525 86.59361166091304 58.467970079608236 149.184686249655 89.33564612636229 100.63064477954312 106.42586345732416 110.19667625217691 117.61617229144007 122.91883379664341 109.75163725627714 114.15761367808615 101.81890648843023 86.68530440735599 113.2607259249094 94.6738186403892 103.15429410573871
92.64510766078882 96.15314940807448 98.7961254287558 54.86656977485316 72.96098304564859 92.05475844106229 78.37867696908978 118.20024241878497 91.74438395088237 55.15305777723512 112.95335465982488 98.91625213312953 58.60718230172355 63.06715751186048 106.71543667592205 104.11455696223679 91.0903245249386 0.0 77.76272741707596 131.64959230321756 113.31979435076813 70.60181706257725 84.12200005582604 53.21725518190809 54.28331569192613 83.58999644656681 104.41100248137987 114.96921882863072 97.1713265171527 65.86622685070817 28.714117260693968 70.91228389278854 106.77317656164271 102.85723394586017 102.86084448854906 115.31303757538478 92.64314644493913 80.56912676526379 116.56952718740351 68.08129206437845 63.54462344278123 84.16183370023303 120.49015961614502 84.02468053453106 75.52111028316514 89.33564612636229 102.15331591053867 77.29297050436834 114.32682222252434 70.48825542779738 80.56912676526379 91.27587497474826 100.63064477954312 131.21326240859665 87.5841709128639 103.02067471053965 59.12342475987033 124.94951124245532 80.89177252507619 52.62893474846699 109.6476662452108 77.85657462286612 137.30977345279524 152.93634157452425 39.09321651226863 93.81117137176575 63.61229790381349 105.4291601116305 117.44238257816555 82.38913179475747 140.12517864160301 93.99097314909577 121.52203430614061 93.68484268143602 75.98153381962963 107.85293587627822 139.9848057960812 93.32339820783538 110.66690474166924 119.16749050189054 101.8862952484726 99.254382822604 120.24031565955525 152.74070437347257 139.07868758045174 133.15380409505553 109.75163725627714 137.30977345279524 45.3558417445177 102.13669018631157 76.74443133174218 88.81416321343977 75.53795366118496 110.22916074067692 72.39310886594095 112.8456039384772 102.15331591053867 57.74770466812939 79.44414233246982 110.86095581200433
49.47658419655888 117.28621075136797 139.99119179167712 83.36083491428374 93.7974452576081 77.70748956067055 84.0710879266887 102.92614110657854 104.31082760742616 83.2840591054165 69.37465615673347 101.34343533566435 98.31779896143696 106.1083297100409 120.49015961614502 83.3982682596795 71.8217736735434 77.76272741707596 0.0 136.70016676083964 81.08552740151755 124.94559962098172 152.30850728760072 75.27609031733914 138.3886871292201 87.80489125614385 101.34010865850627 105.66122630089619 126.36671166319587 139.99119179167712 110.57904838137961 118.51249701590636 80.5211706556407 114.74492108382465 97.2304880699949 85.25305503556538 100.63064477954312 80.2489453193457 136.81525203956508 92.46316744275087 122.41597804779232 91.11423709515518 102.25572372561292 108.54295586042205 89.97502875036056 66.97679083052361 127.27498576044118 120.65220849431961 106.1083297100409 61.45409461314418 110.98045948664023 74.85969773073731 96.68426659610812 102.92082785339069 103.9396750235053 67.47726577184629 86.98999934066109 100.36840016903554 66.5896449497053 130.20860630100566 122.63503074523456 85.90872053615456 43.40310152336693 118.97038752866854 123.4045915931263 80.89177252507619 65.26958791401984 69.23216228149663 128.98535586561283 90.09125477475888 74.01963773362851 152.30850728760072 126.05291176161788 63.79204870455097 90.1289423497637 95.53693438100393 95.9958190080837 116.42918233660738 99.62678115746633 115.00503577873465 69.37465615673347 102.15331591053867 102.25314430203343 95.16654624702963 90.1289423497637 136.81525203956508 110.98045948664023 128.75912730995879 100.2516467481333 98.86088807521601 142.68803532433063 141.2241996651431 42.15306582393522 104.06958736238485 119.47928792637848 80.38854304606824 94.26151102929093 100.5869845444693 120.52066242858491 77.46063922255517
96.50336275778088 118.38026826320129 138.6321744659228 103.21655480111593 69.23216228149663 88.02436714887452 119.47928792637848 116.4652109309142 133.13567041061395 81.90095460764306 62.65434670869535 137.74120299435617 131.94744581840348 104.41100248137987 130.73163490415496 58.47946379624637 86.1844923436661 131.64959230321756 136.70016676083964 0.0 116.87064682048796 131.46920061529033 106.0654403451562 136.2789410682589 117.65803251934135 114.02033127395967 48.17328425433993 49.30190092677071 105.34822992652461 90.89782304830514 107.82339417508089 120.52410449934376 132.55869310921693 115.73975550100553 79.7443414842338 93.19994364881381 140.03588996154235 85.02628647702795 92.51880160569885 105.8852846276361 59.34930691386627 104.79891890106687 129.2975586662643 95.88414295013413 107.44739729171434 116.99235393271383 106.0654403451562 115.31303757538478 112.745104268993 93.37343864832253 63.09475451494379 86.28013363318408 91.27587497474826 144.36171261868367 85.012105712763 132.81730281580303 93.20250351376707 119.06550992462083 98.43071161779528 110.0806632539382 95.37923096643564 110.8220581350666 113.47595232632678 86.38838282916275 96.20944490683064 81.11832303684042 139.92119949247223 77.76272741707596 102.31958407549428 89.48646300141988 84.71968855137911 79.39427782601398 117.9678653181962 39.86900502972982 96.29501510697378 134.9083068543081 142.52585617744737 71.63040476280906 99.6588695900521 84.42371340831413 118.69160278887882 95.96847134146685 119.77542031332626 86.18644214746803 114.69840712109743 79.7486604926597 140.477429545887 77.85657462286612 103.42876405824363 89.48646300141988 95.88414295013413 73.27917311173631 163.96499549418473 119.82879399484881 104.91898735424073 138.3886871292201 114.15761367808615 110.66690474166924 110.8220581350666 132.84692466353945
124.94559962098172 80.38641364993461 85.37251467087034 109.5964890222809 108.04688924531544 92.73945509832997 145.9671084958494 127.85597557639878 52.62893474846699 109.79669997393168 80.89177252507619 61.40122734491987 86.1844923436661 129.13951330600992 106.41787719878471 125.97092800006644 73.62341245913974 113.31979435076813 81.08552740151755 116.87064682048796 0.0 138.06886480564444 125.63559265996548 129.52754043834682 98.1134953756815 38.80901818801821 149.2048163321552 138.48868949793342 99.22144059041148 88.87633193773247 86.43570180677388 79.15840963868213 92.51880160569885 113.47595232632678 72.39310886594095 115.93899993815157 58.60718230172355 79.71042589407296 129.8921193747141 61.45409461314418 106.0654403451562 88.24653247237592 112.95335465982488 100.81064801530312 88.93197037994211 87.33549861599057 87.26303682231848 118.49144031923763 128.98535586561283 143.48240690983548 58.3142092134096 169.97774085413192 94.6466662379602 104.20510488205655 131.21326240859665 122.75419639556024 118.38026826320129 39.86900502972982 83.01092867498812 78.1929264248683 104.41100248137987 49.74576142442137 89.02445889915012 83.01092867498812 80.35214683556784 142.04325765846264 72.96098304564859 123.99059656010793 75.14034129280304 132.67525948944967 124.39676802893646 62.40904058268669 136.81525203956508 112.89308976761022 98.54045417050119 142.52585617744737 102.328872041881 84.10947599042802 119.16749050189054 115.56299162493563 124.13014575561022 114.54009789306247 79.89784971464243 101.17030038199536 151.63882234981415 149.72490277451868 114.15761367808615 110.66690474166924 73.76600974405213 84.9654033441751 91.091925693944 92.36606261940854 90.57780977680471 108.42318166762541 89.60770034763195 92.34240816275319 109.89844515826513 88.24653247237592 116.61053857938177 79.39427782601398
