50
0.0 97.4067635851275 98.32718222182523 100.06304848341158 96.26458930840174 103.00135099292702 98.71459207982745 105.07726680539832 96.7941590272741 102.75186112329995 97.75087932551608 100.88182138837755 94.49714059676135 99.70969492297986 94.32670817031611 97.0990049388573 93.4083768882281 106.21132017454937 97.65945196639431 109.54653931516395 114.43023900460733 114.43023900460733 108.4751554678576 103.4270218737813 102.39602245930354 101.11586571741002 98.53583845748786 103.5219999609718 101.54915227607373 98.60594942340038 96.25542274901733 103.0780653628332 99.50623795564412 102.22087913566787 109.10576482011464 102.22218929073892 94.513634256575 106.31379007962092 105.10371669442637 99.26306066848305 106.41482357196941 96.17112710716111 101.4757837337903 97.35748877773278 92.41690024777466 93.4083768882281 93.09935131131955 91.07774507345549 98.25516085292982 99.03733371963806
97.4067635851275 0.0 103.19445563262218 106.41482357196941 110.367986819374 97.75087932551608 102.84210264947474 104.62655688029893 94.62037623571462 98.22233771323494 100.65753240995608 104.11947604824661 106.21646014784669 91.64489098817346 97.61811505441943 111.6531094404683 97.71598809083561 98.14166138709545 94.73026813594801 90.39253606794384 96.25542274901733 102.53370360536822 96.16945732396087 103.69406037765411 95.90927092802607 96.53064303093741 101.86275280059003 105.81243196088788 104.99037138311621 98.37130876577326 95.45463557229107 103.69406037765411 98.30035522278196 93.19442291938894 95.51455860187392 92.79322927551593 98.6711677646822 98.30035522278196 106.07459879804544 100.81186183051783 98.59419521931642 96.3573658024047 103.32450694754779 99.84455696087353 110.367986819374 101.56839483456572 92.6639412529292 96.61415629032008 100.14858749100745 108.4751554678576
98.32718222182523 103.19445563262218 0.0 102.96437317932973 101.62297193120757 110.53956366312768 95.32129555351577 105.41455943666452 97.16425716696274 101.00202933585533 104.44904135600531 101.28558268455774 95.08159274515373 102.99658856841043 94.77243307897538 102.2770386926466 104.42691528662894 92.25547782628098 102.04780397929176 98.00952852133791 110.32169621674123 103.4270218737813 92.40525556439326 102.1652923386884 105.89914399860469 100.53214170673523 101.5021898940622 91.94623093244677 95.62570428761897 98.95148149711677 98.6711677646822 108.6386773303913 91.7413426120186 98.95148149711677 94.67351771425837 97.05680489473045 100.18852320741614 102.2770386926466 100.81186183051783 105.89914399860469 100.26282507810801 98.10046145333325 103.32450694754779 102.53370360536822 99.84455696087353 114.43023900460733 106.51280533928218 108.43710325572823 110.54520825878603 97.38702195754958
100.06304848341158 106.41482357196941 102.96437317932973 0.0 96.68129748430755 94.09556621879265 107.94977750512504 106.21646014784669 102.32898261505453 103.52939302379013 98.32718222182523 109.10576482011464 104.23842373982562 89.9256196778451 101.51391366161297 106.32139354086554 104.11947604824661 106.36523495802575 99.84455696087353 109.54653931516395 99.03228592137303 100.76926228136313 97.65945196639431 96.52370299581739 96.61147796379082 101.5021898940622 98.30035522278196 98.28874987899772 109.6405937008675 106.51280533928218 96.33439931670156 98.55612861630868 106.69366079885319 101.79802716581845 105.22681036705428 105.33578283107208 102.04780397929176 96.2811874312712 102.44007770258924 102.2770386926466 103.8108873494731 100.00389400728879 98.73004356118142 102.38089451734957 96.0402262902044 101.79986795459673 105.33578283107208 96.32051089791048 94.95928057281839 98.84955568056573
96.26458930840174 110.367986819374 101.62297193120757 96.68129748430755 0.0 105.2138765774408 103.56374731356188 90.62762159478653 98.59562403089943 96.63604682175927 100.56262407491703 93.91740625951194 98.60594942340038 98.14166138709545 105.22681036705428 97.53862586294244 96.9165704234888 100.69962602424384 95.95895420144763 96.52370299581739 99.70969492297986 96.31235933054052 97.71598809083561 110.30211929916955 101.02027725714568 103.99316723201966 98.44294344834589 103.58300454875527 93.75085148601889 97.70049073722026 98.59562403089943 101.90280541826456 95.57538216510707 95.3640037311022 100.5494534961051 103.8108873494731 97.65945196639431 98.55612861630868 95.68262424024499 100.91869361319736 95.68262424024499 102.38640024770702 94.61965104257861 90.62762159478653 94.49714059676135 100.06304848341158 104.95994468508282 102.77693884605341 103.15080062656182 101.76987739005119
103.00135099292702 97.75087932551608 110.53956366312768 94.09556621879265 105.2138765774408 0.0 101.3420553763357 94.26770273917415 100.24477798794824 106.65737570225542 94.22445994635746 101.76987739005119 97.38702195754958 97.48872265482028 97.94809478202636 95.90927092802607 92.77986239923757 97.4067635851275 110.8829863065532 104.95994468508282 98.86988085320048 93.4083768882281 107.11271158350326 106.41482357196941 96.29680808231325 98.29585801103639 109.75062179713149 91.58249723492376 99.78363591696166 99.22160262426702 101.4757837337903 97.70049073722026 94.22445994635746 95.32129555351577 96.29680808231325 96.61147796379082 98.38945903716963 106.21132017454937 107.00085399605925 98.46382216415213 109.43665900732861 100.26282507810801 102.39602245930354 102.60545149031405 95.23503397538761 97.85675574102508 100.56307567201635 96.63604682175927 113.23703090375068 102.96437317932973
98.71459207982745 102.84210264947474 95.32129555351577 107.94977750512504 103.56374731356188 101.3420553763357 0.0 110.53956366312768 101.93374356505505 98.59562403089943 104.92791617556848 89.39771598569128 96.18949002332346 96.14700958331825 106.31379007962092 101.93663224846732 88.95955395088922 99.29573825598496 95.05367062637148 98.14166138709545 94.73026813594801 92.9574685780367 103.70473473901274 106.21646014784669 100.65753240995608 98.84955568056573 98.14166138709545 98.59419521931642 98.84955568056573 96.24706282125356 88.95955395088922 98.00302245817726 106.24419900895731 98.26668902586974 103.27231610218284 94.26360387394763 108.18428694713803 93.75085148601889 95.27323432439354 100.59164342931413 98.44294344834589 98.80672312300086 102.61563433200347 96.62752302010679 106.41482357196941 101.51391366161297 98.14166138709545 96.41214072381125 101.79802716581845 93.16348429017398
105.07726680539832 104.62655688029893 105.41455943666452 106.21646014784669 90.62762159478653 94.26770273917415 110.53956366312768 0.0 97.3390640428055 102.28770038568885 105.36090259678028 92.36790948775898 100.88182138837755 90.56029732119109 101.33255252733986 96.82246521455149 99.17801705426014 106.81763085019136 96.32051089791048 101.3420553763357 96.56823107483352 94.95928057281839 100.11356988731528 100.78517258874079 105.0914397317226 105.36090259678028 95.3640037311022 100.34076275958822 100.56307567201635 97.0990049388573 97.3390640428055 96.40345468200083 97.16425716696274 95.68664807992573 96.9165704234888 100.879271385689 107.20440090185326 99.22160262426702 109.34766110506487 103.862688004371 101.56839483456572 98.43167598005451 91.58249723492376 97.58934204108012 101.47660483789407 96.53165895876226 97.3390640428055 96.56823107483352 95.03451078037418 91.08169586430327
96.7941590272741 94.62037623571462 97.16425716696274 102.32898261505453 98.59562403089943 100.24477798794824 101.93374356505505 97.3390640428055 0.0 101.592750311761 104.13542234199637 102.48664688253358 99.50998483648935 97.94809478202636 97.71598809083561 103.50425978012994 105.27689113005079 96.29680808231325 107.11271158350326 100.617228400325 90.56029732119109 92.08812512023965 99.64760390387043 91.58249723492376 100.19690290378301 94.22445994635746 93.0554295537368 94.95928057281839 104.13542234199637 98.26668902586974 98.30468610748372 102.39602245930354 89.8338277701986 101.62297193120757 101.75412628007257 105.10371669442637 97.3390640428055 95.59158949569091 106.93968178686711 105.29492181620381 96.31570936601554 94.61965104257861 100.56307567201635 98.60594942340038 102.38089451734957 93.19061996284282 89.8338277701986 98.25516085292982 106.36523495802575 102.1652923386884
102.75186112329995 98.22233771323494 101.00202933585533 103.52939302379013 96.63604682175927 106.65737570225542 98.59562403089943 102.28770038568885 101.592750311761 0.0 88.38699058659975 104.54317578670405 98.14135200591161 101.02027725714568 103.65725862390178 100.8121568112079 94.0275236607754 100.91654600504317 92.40698819412862 101.5021898940622 96.14700958331825 93.75397213517438 92.08812512023965 96.17112710716111 104.13542234199637 94.73026813594801 99.07070746282201 97.16425716696274 99.72393927091905 98.38945903716963 100.27210977443778 96.23180816826414 94.18507141008129 101.79986795459673 93.91740625951194 104.01467645946356 98.38161571342292 99.78363591696166 102.64005778832261 103.57072003675565 97.91897147208218 101.08888805427269 103.62049148233918 98.10046145333325 98.73004356118142 94.5950750142878 100.24477798794824 99.92425487264252 102.31006521361275 88.38699058659975
97.75087932551608 100.65753240995608 104.44904135600531 98.32718222182523 100.56262407491703 94.22445994635746 104.92791617556848 105.36090259678028 104.13542234199637 88.38699058659975 0.0 93.10539599199106 104.48037192448518 96.99293778695531 95.68664807992573 96.0402262902044 103.57072003675565 103.32450694754779 100.879271385689 93.04922531035817 99.66897755782932 104.00012284351007 99.17801705426014 110.6036613125247 99.77716291949064 100.59164342931413 110.67714620511649 98.72125423218564 102.84210264947474 98.28874987899772 90.2833941868965 96.82246521455149 98.26668902586974 106.07757095778148 92.79322927551593 96.95264636390266 100.76926228136313 96.53064303093741 102.44007770258924 93.36910806431635 104.92791617556848 104.13542234199637 100.6374278541782 92.40698819412862 94.51442171680524 103.4605523417844 103.862688004371 102.75038521507872 100.91654600504317 96.62355504608058
100.88182138837755 104.11947604824661 101.28558268455774 109.10576482011464 93.91740625951194 101.76987739005119 89.39771598569128 92.36790948775898 102.48664688253358 104.54317578670405 93.10539599199106 0.0 98.60594942340038 103.0780653628332 104.13542234199637 94.26770273917415 110.96513443134636 99.93731218121155 109.37484295255982 97.37720169386651 110.51497374843892 93.94493092695728 101.3420553763357 105.81243196088788 101.51391366161297 100.39129426715456 93.91740625951194 98.01600167701355 103.862688004371 102.39602245930354 104.42691528662894 105.36090259678028 99.45592063698574 94.45017912591021 99.22160262426702 98.43167598005451 92.77986239923757 101.42746827696763 104.4443939290334 105.0914397317226 98.80672312300086 90.2833941868965 107.65742865586458 96.56823107483352 110.67714620511649 101.71209094469785 102.84210264947474 94.51442171680524 105.04308503752468 93.10539599199106
94.49714059676135 106.21646014784669 95.08159274515373 104.23842373982562 98.60594942340038 97.38702195754958 96.18949002332346 100.88182138837755 99.50998483648935 98.14135200591161 104.48037192448518 98.60594942340038 0.0 104.23842373982562 100.78517258874079 94.67351771425837 102.39602245930354 105.05856518381148 100.879271385689 98.46382216415213 99.8224040441488 97.35377422190331 105.07726680539832 100.69962602424384 102.77693884605341 93.16348429017398 109.22582168474608 93.4083768882281 98.73004356118142 96.86033386768119 92.41690024777466 95.94441409314892 102.75800027076951 97.53862586294244 101.79802716581845 99.03733371963806 97.04523345609869 90.39253606794384 92.83756142763211 99.4726540145354 92.40698819412862 92.25547782628098 100.0842587966515 103.48550256059333 90.39253606794384 89.8338277701986 100.05465874262661 88.38699058659975 102.22087913566787 86.43338723488942
99.70969492297986 91.64489098817346 102.99658856841043 89.9256196778451 98.14166138709545 97.48872265482028 96.14700958331825 90.56029732119109 97.94809478202636 101.02027725714568 96.99293778695531 103.0780653628332 104.23842373982562 0.0 98.32718222182523 93.43367545758726 96.326021696219 91.7413426120186 99.58347189265247 96.82246521455149 93.43367545758726 98.14135200591161 91.94623093244677 96.62355504608058 99.21243093104434 103.50425978012994 106.51280533928218 101.79802716581845 94.64392910425818 93.89512882001628 106.66262437015214 94.74292018716235 103.63175326719974 96.20578306928527 100.6374278541782 106.27750474900316 100.19690290378301 94.09556621879265 103.88290049904975 107.20440090185326 91.64489098817346 105.62436110942542 102.64005778832261 103.70473473901274 96.79153437964703 97.91897147208218 97.78674620109582 98.51233988501059 102.28770038568885 94.49714059676135
94.32670817031611 97.61811505441943 94.77243307897538 101.51391366161297 105.22681036705428 97.94809478202636 106.31379007962092 101.33255252733986 97.71598809083561 103.65725862390178 95.68664807992573 104.13542234199637 100.78517258874079 98.32718222182523 0.0 97.0990049388573 95.58719931177403 100.05465874262661 96.39473614322797 98.00302245817726 99.17801705426014 96.95264636390266 91.03605373911196 101.54034672881745 97.3467572947189 101.80522384524845 103.69406037765411 95.88430045791746 100.879271385689 97.35377422190331 99.77716291949064 95.68664807992573 93.85961522938027 103.0780653628332 97.35377422190331 96.14700958331825 96.90897508067071 100.617228400325 102.97458315131736 109.54653931516395 100.77745099120399 96.41214072381125 98.59562403089943 102.75038521507872 106.52906264764145 92.16511094946709 100.38307459657737 88.90395294529763 108.55707704867582 105.0914397317226
97.0990049388573 111.6531094404683 102.2770386926466 106.32139354086554 97.53862586294244 95.90927092802607 101.93663224846732 96.82246521455149 103.50425978012994 100.8121568112079 96.0402262902044 94.26770273917415 94.67351771425837 93.43367545758726 97.0990049388573 0.0 92.16511094946709 96.83876340159514 91.31391611094897 101.76987739005119 93.43367545758726 102.96683262744372 98.30468610748372 102.41592409844132 96.56823107483352 98.44294344834589 96.73507629977334 92.40698819412862 102.75800027076951 92.4055113868807 103.63175326719974 99.27179542536247 96.39473614322797 98.00952852133791 99.95063873567246 96.87802890332752 98.84955568056573 94.73026813594801 99.36253083932306 106.09303167761699 96.56823107483352 106.24419900895731 100.69962602424384 99.6011733842335 103.91193184766043 95.02107866291729 99.93731218121155 96.20578306928527 98.00302245817726 94.77243307897538
93.4083768882281 97.71598809083561 104.42691528662894 104.11947604824661 96.9165704234888 92.77986239923757 88.95955395088922 99.17801705426014 105.27689113005079 94.0275236607754 103.57072003675565 110.96513443134636 102.39602245930354 96.326021696219 95.58719931177403 92.16511094946709 0.0 104.98991538072187 94.77243307897538 102.31006521361275 102.8905193607506 106.5354784155746 97.6935960016598 100.14858749100745 96.24706282125356 101.08888805427269 96.0402262902044 103.8108873494731 100.26282507810801 107.00085399605925 98.38945903716963 96.62752302010679 95.32129555351577 93.06053183570236 93.36910806431635 104.44904135600531 104.48037192448518 94.21385716612565 93.3659791309843 100.73858029216811 105.59275030581996 98.9705885326476 101.36658998381138 105.36090259678028 96.32051089791048 103.99316723201966 106.21132017454937 86.43338723488942 93.75085148601889 101.2480942589785
106.21132017454937 98.14166138709545 92.25547782628098 106.36523495802575 100.69962602424384 97.4067635851275 99.29573825598496 106.81763085019136 96.29680808231325 100.91654600504317 103.32450694754779 99.93731218121155 105.05856518381148 91.7413426120186 100.05465874262661 96.83876340159514 104.98991538072187 0.0 94.04748070347546 98.37130876577326 99.27179542536247 102.38089451734957 102.8905193607506 96.52370299581739 105.59275030581996 100.8121568112079 101.19453530005804 95.94803005420124 100.56307567201635 93.43367545758726 98.18442063461629 95.23503397538761 102.97458315131736 106.31379007962092 90.83949786433482 99.8224040441488 92.41690024777466 93.43367545758726 101.3420553763357 104.13542234199637 106.51280533928218 88.21723093610055 106.51280533928218 110.51497374843892 99.26306066848305 98.1886569396264 93.09935131131955 98.53583845748786 105.59275030581996 106.31379007962092
97.65945196639431 94.73026813594801 102.04780397929176 99.84455696087353 95.95895420144763 110.8829863065532 95.05367062637148 96.32051089791048 107.11271158350326 92.40698819412862 100.879271385689 109.37484295255982 100.879271385689 99.58347189265247 96.39473614322797 91.31391611094897 94.77243307897538 94.04748070347546 0.0 98.60594942340038 87.69403833660948 93.3659791309843 104.99037138311621 98.38161571342292 98.30468610748372 106.63213969146693 102.99658856841043 95.77522469860968 97.16425716696274 108.6386773303913 103.68954521322001 108.18428694713803 100.24477798794824 98.43737669361421 97.11866530157434 102.48664688253358 98.59419521931642 97.85675574102508 92.40525556439326 94.95928057281839 102.60545149031405 94.73026813594801 91.08169586430327 108.43710325572823 92.08812512023965 98.80672312300086 110.8829863065532 104.44904135600531 103.32450694754779 108.43710325572823
109.54653931516395 90.39253606794384 98.00952852133791 109.54653931516395 96.52370299581739 104.95994468508282 98.14166138709545 101.3420553763357 100.617228400325 101.5021898940622 93.04922531035817 97.37720169386651 98.46382216415213 96.82246521455149 98.00302245817726 101.76987739005119 102.31006521361275 98.37130876577326 98.60594942340038 0.0 107.11271158350326 89.39771598569128 103.52939302379013 105.2138765774408 103.32558676440213 100.27210977443778 106.81763085019136 103.4605523417844 94.22333017309181 94.21385716612565 103.4605523417844 105.05856518381148 96.63604682175927 96.16945732396087 99.21243093104434 95.57538216510707 96.82246521455149 95.71151813173259 88.38699058659975 99.67367760197892 104.41918310214574 104.13542234199637 100.26538060482076 100.48327475557367 86.43338723488942 96.83876340159514 98.29585801103639 96.62752302010679 99.29573825598496 109.43665900732861
114.43023900460733 96.25542274901733 110.32169621674123 99.03228592137303 99.70969492297986 98.86988085320048 94.73026813594801 96.56823107483352 90.56029732119109 96.14700958331825 99.66897755782932 110.51497374843892 99.8224040441488 93.43367545758726 99.17801705426014 93.43367545758726 102.8905193607506 99.27179542536247 87.69403833660948 107.11271158350326 0.0 103.45975752034344 86.43338723488942 100.38307459657737 103.862688004371 113.23703090375068 104.09105131380956 97.15328291784027 108.02518116099307 105.22681036705428 102.99658856841043 101.36658998381138 103.68954521322001 106.31379007962092 103.56802600877579 98.51233988501059 105.29492181620381 102.28770038568885 100.00389400728879 100.81186183051783 102.8905193607506 96.79153437964703 100.5494534961051 101.54915227607373 91.07774507345549 104.09105131380956 105.59275030581996 106.66262437015214 90.56029732119109 110.53956366312768
114.43023900460733 102.53370360536822 103.4270218737813 100.76926228136313 96.31235933054052 93.4083768882281 92.9574685780367 94.95928057281839 92.08812512023965 93.75397213517438 104.00012284351007 93.94493092695728 97.35377422190331 98.14135200591161 96.95264636390266 102.96683262744372 106.5354784155746 102.38089451734957 93.3659791309843 89.39771598569128 103.45975752034344 0.0 98.51233988501059 86.43338723488942 96.14700958331825 100.5494534961051 104.01467645946356 96.39473614322797 100.11356988731528 105.47709410125279 88.90395294529763 101.11586571741002 101.71209094469785 93.95896453760854 101.42746827696763 97.98731551706285 93.91740625951194 94.18302383026425 97.04523345609869 97.11866530157434 107.9155047689546 104.54317578670405 105.07726680539832 101.64228071323943 98.98621049052042 104.42555976585157 97.98731551706285 104.4443939290334 105.76004270114551 91.42112635454373
108.4751554678576 96.16945732396087 92.40525556439326 97.65945196639431 97.71598809083561 107.11271158350326 103.70473473901274 100.11356988731528 99.64760390387043 92.08812512023965 99.17801705426014 101.3420553763357 105.07726680539832 91.94623093244677 91.03605373911196 98.30468610748372 97.6935960016598 102.8905193607506 104.99037138311621 103.52939302379013 86.43338723488942 98.51233988501059 0.0 100.24214682546477 106.51280533928218 100.65753240995608 98.51233988501059 98.32718222182523 97.05680489473045 100.0842587966515 99.70969492297986 96.63604682175927 102.7091759228683 97.85675574102508 94.74292018716235 102.1922948099997 94.61965104257861 106.31379007962092 99.29224970602046 101.08888805427269 105.62436110942542 94.74292018716235 102.84210264947474 103.3016528426546 102.61563433200347 92.6639412529292 101.5021898940622 105.07726680539832 98.72231681947758 110.96513443134636
103.4270218737813 103.69406037765411 102.1652923386884 96.52370299581739 110.30211929916955 106.41482357196941 106.21646014784669 100.78517258874079 91.58249723492376 96.17112710716111 110.6036613125247 105.81243196088788 100.69962602424384 96.62355504608058 101.54034672881745 102.41592409844132 100.14858749100745 96.52370299581739 98.38161571342292 105.2138765774408 100.38307459657737 86.43338723488942 100.24214682546477 0.0 97.65665508154014 92.9574685780367 106.52906264764145 98.73004356118142 104.73609618610581 101.11586571741002 95.68664807992573 95.94441409314892 100.56262407491703 95.02107866291729 100.526869449756 102.64005778832261 97.98731551706285 99.36253083932306 94.5772929481223 98.53583845748786 101.2480942589785 100.56262407491703 109.16131182733449 100.39129426715456 104.62655688029893 102.48664688253358 104.4443939290334 98.32718222182523 105.04308503752468 92.40525556439326
102.39602245930354 95.90927092802607 105.89914399860469 96.61147796379082 101.02027725714568 96.29680808231325 100.65753240995608 105.0914397317226 100.19690290378301 104.13542234199637 99.77716291949064 101.51391366161297 102.77693884605341 99.21243093104434 97.3467572947189 96.56823107483352 96.24706282125356 105.59275030581996 98.30468610748372 103.32558676440213 103.862688004371 96.14700958331825 106.51280533928218 97.65665508154014 0.0 101.64228071323943 100.11356988731528 96.39473614322797 96.16945732396087 102.75186112329995 101.79986795459673 96.9165704234888 105.27689113005079 107.20440090185326 103.8108873494731 98.84955568056573 100.35242683692172 99.50998483648935 105.47876918673622 96.0402262902044 103.84451647304273 98.14166138709545 97.55615646179174 102.75186112329995 106.31379007962092 103.99316723201966 91.03605373911196 97.91897147208218 95.90927092802607 98.01600167701355
101.11586571741002 96.53064303093741 100.53214170673523 101.5021898940622 103.99316723201966 98.29585801103639 98.84955568056573 105.36090259678028 94.22445994635746 94.73026813594801 100.59164342931413 100.39129426715456 93.16348429017398 103.50425978012994 101.80522384524845 98.44294344834589 101.08888805427269 100.8121568112079 106.63213969146693 100.27210977443778 113.23703090375068 100.5494534961051 100.65753240995608 92.9574685780367 101.64228071323943 0.0 95.06950149333314 103.58300454875527 94.26360387394763 99.26306066848305 100.56307567201635 106.07459879804544 92.08812512023965 98.98621049052042 98.46382216415213 99.22160262426702 104.33577675454507 102.32898261505453 96.33439931670156 106.24419900895731 98.59562403089943 101.47660483789407 99.67367760197892 106.51280533928218 110.67714620511649 100.59164342931413 100.879271385689 97.35748877773278 90.39253606794384 103.52939302379013
98.53583845748786 101.86275280059003 101.5021898940622 98.30035522278196 98.44294344834589 109.75062179713149 98.14166138709545 95.3640037311022 93.0554295537368 99.07070746282201 110.67714620511649 93.91740625951194 109.22582168474608 106.51280533928218 103.69406037765411 96.73507629977334 96.0402262902044 101.19453530005804 102.99658856841043 106.81763085019136 104.09105131380956 104.01467645946356 98.51233988501059 106.52906264764145 100.11356988731528 95.06950149333314 0.0 99.8826872838025 94.45017912591021 97.38702195754958 109.43665900732861 103.32558676440213 109.75062179713149 97.65945196639431 110.367986819374 96.31235933054052 98.86988085320048 97.4966521320835 94.22445994635746 94.64392910425818 97.35748877773278 98.95148149711677 98.28874987899772 94.40242166661011 97.04523345609869 106.69366079885319 96.31570936601554 108.55707704867582 94.22333017309181 93.95896453760854
103.5219999609718 105.81243196088788 91.94623093244677 98.28874987899772 103.58300454875527 91.58249723492376 98.59419521931642 100.34076275958822 94.95928057281839 97.16425716696274 98.72125423218564 98.01600167701355 93.4083768882281 101.79802716581845 95.88430045791746 92.40698819412862 103.8108873494731 95.94803005420124 95.77522469860968 103.4605523417844 97.15328291784027 96.39473614322797 98.32718222182523 98.73004356118142 96.39473614322797 103.58300454875527 99.8826872838025 0.0 92.40525556439326 106.07459879804544 92.77986239923757 95.51455860187392 105.10371669442637 97.37720169386651 98.78623220667215 103.5219999609718 110.6036613125247 106.27750474900316 105.81243196088788 99.7050468358285 91.42112635454373 95.4410012224623 97.78674620109582 101.33255252733986 98.18442063461629 101.37502010933763 108.4751554678576 91.03605373911196 110.54520825878603 104.42555976585157
101.54915227607373 104.99037138311621 95.62570428761897 109.6405937008675 93.75085148601889 99.78363591696166 98.84955568056573 100.56307567201635 104.13542234199637 99.72393927091905 102.84210264947474 103.862688004371 98.73004356118142 94.64392910425818 100.879271385689 102.75800027076951 100.26282507810801 100.56307567201635 97.16425716696274 94.22333017309181 108.02518116099307 100.11356988731528 97.05680489473045 104.73609618610581 96.16945732396087 94.26360387394763 94.45017912591021 92.40525556439326 0.0 100.11356988731528 93.43367545758726 103.68954521322001 103.0780653628332 109.34766110506487 95.95895420144763 97.78928820266547 100.526869449756 96.29680808231325 98.80672312300086 98.72231681947758 100.8121568112079 102.44007770258924 95.08159274515373 108.55707704867582 107.39620389818344 103.56374731356188 103.862688004371 102.75800027076951 102.44007770258924 96.40345468200083
98.60594942340038 98.37130876577326 98.95148149711677 106.51280533928218 97.70049073722026 99.22160262426702 96.24706282125356 97.0990049388573 98.26668902586974 98.38945903716963 98.28874987899772 102.39602245930354 96.86033386768119 93.89512882001628 97.35377422190331 92.4055113868807 107.00085399605925 93.43367545758726 108.6386773303913 94.21385716612565 105.22681036705428 105.47709410125279 100.0842587966515 101.11586571741002 102.75186112329995 99.26306066848305 97.38702195754958 106.07459879804544 100.11356988731528 0.0 105.10371669442637 96.31570936601554 92.08812512023965 96.62752302010679 97.5703705241972 91.94623093244677 95.3640037311022 97.78238570755502 106.36523495802575 97.0138716658754 99.17801705426014 95.58719931177403 98.30035522278196 100.526869449756 93.53615738400373 104.09105131380956 96.24706282125356 104.42555976585157 92.83756142763211 100.72818779846249
96.25542274901733 95.45463557229107 98.6711677646822 96.33439931670156 98.59562403089943 101.4757837337903 88.95955395088922 97.3390640428055 98.30468610748372 100.27210977443778 90.2833941868965 104.42691528662894 92.41690024777466 106.66262437015214 99.77716291949064 103.63175326719974 98.38945903716963 98.18442063461629 103.68954521322001 103.4605523417844 102.99658856841043 88.90395294529763 99.70969492297986 95.68664807992573 101.79986795459673 100.56307567201635 109.43665900732861 92.77986239923757 93.43367545758726 105.10371669442637 0.0 102.64005778832261 104.99037138311621 96.14700958331825 93.94493092695728 99.50623795564412 103.99769973666048 94.17043396812684 101.08888805427269 100.8121568112079 102.22218929073892 92.77986239923757 97.5667331540856 98.00952852133791 101.71209094469785 101.93374356505505 100.59164342931413 92.79322927551593 102.75800027076951 99.50998483648935
103.0780653628332 103.69406037765411 108.6386773303913 98.55612861630868 101.90280541826456 97.70049073722026 98.00302245817726 96.40345468200083 102.39602245930354 96.23180816826414 96.82246521455149 105.36090259678028 95.94441409314892 94.74292018716235 95.68664807992573 99.27179542536247 96.62752302010679 95.23503397538761 108.18428694713803 105.05856518381148 101.36658998381138 101.11586571741002 96.63604682175927 95.94441409314892 96.9165704234888 106.07459879804544 103.32558676440213 95.51455860187392 103.68954521322001 96.31570936601554 102.64005778832261 0.0 95.4410012224623 106.24419900895731 91.58249723492376 109.16131182733449 97.05680489473045 102.22087913566787 93.82952638572154 96.62355504608058 96.20578306928527 100.13260667869875 94.73026813594801 107.60814617234574 100.6374278541782 104.09105131380956 97.55615646179174 99.78363591696166 96.39473614322797 96.32051089791048
99.50623795564412 98.30035522278196 91.7413426120186 106.69366079885319 95.57538216510707 94.22445994635746 106.24419900895731 97.16425716696274 89.8338277701986 94.18507141008129 98.26668902586974 99.45592063698574 102.75800027076951 103.63175326719974 93.85961522938027 96.39473614322797 95.32129555351577 102.97458315131736 100.24477798794824 96.63604682175927 103.68954521322001 101.71209094469785 102.7091759228683 100.56262407491703 105.27689113005079 92.08812512023965 109.75062179713149 105.10371669442637 103.0780653628332 92.08812512023965 104.99037138311621 95.4410012224623 0.0 103.62049148233918 95.90927092802607 94.45017912591021 105.05856518381148 93.4083768882281 98.10046145333325 103.63175326719974 110.6036613125247 97.78238570755502 96.16945732396087 98.53583845748786 109.22582168474608 100.26282507810801 99.52004419671462 101.33255252733986 106.36523495802575 93.94493092695728
102.22087913566787 93.19442291938894 98.95148149711677 101.79802716581845 95.3640037311022 95.32129555351577 98.26668902586974 95.68664807992573 101.62297193120757 101.79986795459673 106.07757095778148 94.45017912591021 97.53862586294244 96.20578306928527 103.0780653628332 98.00952852133791 93.06053183570236 106.31379007962092 98.43737669361421 96.16945732396087 106.31379007962092 93.95896453760854 97.85675574102508 95.02107866291729 107.20440090185326 98.98621049052042 97.65945196639431 97.37720169386651 109.34766110506487 96.62752302010679 96.14700958331825 106.24419900895731 103.62049148233918 0.0 103.00135099292702 98.60594942340038 97.70049073722026 94.77243307897538 98.59419521931642 102.31006521361275 99.70969492297986 96.53165895876226 88.21723093610055 95.77522469860968 106.69366079885319 90.62762159478653 99.72393927091905 108.4751554678576 102.32898261505453 94.49714059676135
109.10576482011464 95.51455860187392 94.67351771425837 105.22681036705428 100.5494534961051 96.29680808231325 103.27231610218284 96.9165704234888 101.75412628007257 93.91740625951194 92.79322927551593 99.22160262426702 101.79802716581845 100.6374278541782 97.35377422190331 99.95063873567246 93.36910806431635 90.83949786433482 97.11866530157434 99.21243093104434 103.56802600877579 101.42746827696763 94.74292018716235 100.526869449756 103.8108873494731 98.46382216415213 110.367986819374 98.78623220667215 95.95895420144763 97.5703705241972 93.94493092695728 91.58249723492376 95.90927092802607 103.00135099292702 0.0 98.49643737678616 100.35242683692172 105.41455943666452 102.31006521361275 109.43665900732861 98.78623220667215 95.03451078037418 99.50623795564412 99.7050468358285 88.90395294529763 96.326021696219 106.65737570225542 96.9165704234888 97.85675574102508 100.26538060482076
102.22218929073892 92.79322927551593 97.05680489473045 105.33578283107208 103.8108873494731 96.61147796379082 94.26360387394763 100.879271385689 105.10371669442637 104.01467645946356 96.95264636390266 98.43167598005451 99.03733371963806 106.27750474900316 96.14700958331825 96.87802890332752 104.44904135600531 99.8224040441488 102.48664688253358 95.57538216510707 98.51233988501059 97.98731551706285 102.1922948099997 102.64005778832261 98.84955568056573 99.22160262426702 96.31235933054052 103.5219999609718 97.78928820266547 91.94623093244677 99.50623795564412 109.16131182733449 94.45017912591021 98.60594942340038 98.49643737678616 0.0 101.2480942589785 100.879271385689 105.05856518381148 100.24827761688414 93.06053183570236 101.08888805427269 92.77986239923757 97.3390640428055 93.75397213517438 95.95895420144763 103.99769973666048 95.94441409314892 90.83949786433482 101.75412628007257
94.513634256575 98.6711677646822 100.18852320741614 102.04780397929176 97.65945196639431 98.38945903716963 108.18428694713803 107.20440090185326 97.3390640428055 98.38161571342292 100.76926228136313 92.77986239923757 97.04523345609869 100.19690290378301 96.90897508067071 98.84955568056573 104.48037192448518 92.41690024777466 98.59419521931642 96.82246521455149 105.29492181620381 93.91740625951194 94.61965104257861 97.98731551706285 100.35242683692172 104.33577675454507 98.86988085320048 110.6036613125247 100.526869449756 95.3640037311022 103.99769973666048 97.05680489473045 105.05856518381148 97.70049073722026 100.35242683692172 101.2480942589785 0.0 98.6711677646822 96.25542274901733 98.49643737678616 100.48327475557367 93.75085148601889 97.4966521320835 102.78555685855041 106.31379007962092 103.52939302379013 109.37484295255982 95.3640037311022 102.22218929073892 102.8905193607506
106.31379007962092 98.30035522278196 102.2770386926466 96.2811874312712 98.55612861630868 106.21132017454937 93.75085148601889 99.22160262426702 95.59158949569091 99.78363591696166 96.53064303093741 101.42746827696763 90.39253606794384 94.09556621879265 100.617228400325 94.73026813594801 94.21385716612565 93.43367545758726 97.85675574102508 95.71151813173259 102.28770038568885 94.18302383026425 106.31379007962092 99.36253083932306 99.50998483648935 102.32898261505453 97.4966521320835 106.27750474900316 96.29680808231325 97.78238570755502 94.17043396812684 102.22087913566787 93.4083768882281 94.77243307897538 105.41455943666452 100.879271385689 98.6711677646822 0.0 97.61811505441943 98.1886569396264 96.40345468200083 101.28558268455774 107.11271158350326 101.02027725714568 96.62355504608058 103.99769973666048 98.30468610748372 99.18296142606752 106.5354784155746 91.08169586430327
105.10371669442637 106.07459879804544 100.81186183051783 102.44007770258924 95.68262424024499 107.00085399605925 95.27323432439354 109.34766110506487 106.93968178686711 102.64005778832261 102.44007770258924 104.4443939290334 92.83756142763211 103.88290049904975 102.97458315131736 99.36253083932306 93.3659791309843 101.3420553763357 92.40525556439326 88.38699058659975 100.00389400728879 97.04523345609869 99.29224970602046 94.5772929481223 105.47876918673622 96.33439931670156 94.22445994635746 105.81243196088788 98.80672312300086 106.36523495802575 101.08888805427269 93.82952638572154 98.10046145333325 98.59419521931642 102.31006521361275 105.05856518381148 96.25542274901733 97.61811505441943 0.0 105.47709410125279 100.88182138837755 93.85961522938027 98.14135200591161 103.43612097126008 93.58923172608921 98.78623220667215 90.56029732119109 97.28384672305053 98.46382216415213 96.2811874312712
99.26306066848305 100.81186183051783 105.89914399860469 102.2770386926466 100.91869361319736 98.46382216415213 100.59164342931413 103.862688004371 105.29492181620381 103.57072003675565 93.36910806431635 105.0914397317226 99.4726540145354 107.20440090185326 109.54653931516395 106.09303167761699 100.73858029216811 104.13542234199637 94.95928057281839 99.67367760197892 100.81186183051783 97.11866530157434 101.08888805427269 98.53583845748786 96.0402262902044 106.24419900895731 94.64392910425818 99.7050468358285 98.72231681947758 97.0138716658754 100.8121568112079 96.62355504608058 103.63175326719974 102.31006521361275 109.43665900732861 100.24827761688414 98.49643737678616 98.1886569396264 105.47709410125279 0.0 108.02518116099307 102.32898261505453 98.03790622202487 103.91193184766043 103.40176523337924 105.41455943666452 109.16131182733449 105.62436110942542 98.72125423218564 97.55615646179174
106.41482357196941 98.59419521931642 100.26282507810801 103.8108873494731 95.68262424024499 109.43665900732861 98.44294344834589 101.56839483456572 96.31570936601554 97.91897147208218 104.92791617556848 98.80672312300086 92.40698819412862 91.64489098817346 100.77745099120399 96.56823107483352 105.59275030581996 106.51280533928218 102.60545149031405 104.41918310214574 102.8905193607506 107.9155047689546 105.62436110942542 101.2480942589785 103.84451647304273 98.59562403089943 97.35748877773278 91.42112635454373 100.8121568112079 99.17801705426014 102.22218929073892 96.20578306928527 110.6036613125247 99.70969492297986 98.78623220667215 93.06053183570236 100.48327475557367 96.40345468200083 100.88182138837755 108.02518116099307 0.0 104.54317578670405 97.28384672305053 103.99316723201966 101.90280541826456 100.14858749100745 103.56374731356188 98.44294344834589 106.07757095778148 91.35295178156808
96.17112710716111 96.3573658024047 98.10046145333325 100.00389400728879 102.38640024770702 100.26282507810801 98.80672312300086 98.43167598005451 94.61965104257861 101.08888805427269 104.13542234199637 90.2833941868965 92.25547782628098 105.62436110942542 96.41214072381125 106.24419900895731 98.9705885326476 88.21723093610055 94.73026813594801 104.13542234199637 96.79153437964703 104.54317578670405 94.74292018716235 100.56262407491703 98.14166138709545 101.47660483789407 98.95148149711677 95.4410012224623 102.44007770258924 95.58719931177403 92.77986239923757 100.13260667869875 97.78238570755502 96.53165895876226 95.03451078037418 101.08888805427269 93.75085148601889 101.28558268455774 93.85961522938027 102.32898261505453 104.54317578670405 0.0 100.91654600504317 95.60360793784936 100.73858029216811 98.44294344834589 94.95928057281839 96.2811874312712 100.26538060482076 99.18296142606752
101.4757837337903 103.32450694754779 103.32450694754779 98.73004356118142 94.61965104257861 102.39602245930354 102.61563433200347 91.58249723492376 100.56307567201635 103.62049148233918 100.6374278541782 107.65742865586458 100.0842587966515 102.64005778832261 98.59562403089943 100.69962602424384 101.36658998381138 106.51280533928218 91.08169586430327 100.26538060482076 100.5494534961051 105.07726680539832 102.84210264947474 109.16131182733449 97.55615646179174 99.67367760197892 98.28874987899772 97.78674620109582 95.08159274515373 98.30035522278196 97.5667331540856 94.73026813594801 96.16945732396087 88.21723093610055 99.50623795564412 92.77986239923757 97.4966521320835 107.11271158350326 98.14135200591161 98.03790622202487 97.28384672305053 100.91654600504317 0.0 97.04523345609869 94.21385716612565 94.45017912591021 95.3640037311022 96.87802890332752 93.75397213517438 106.63213969146693
97.35748877773278 99.84455696087353 102.53370360536822 102.38089451734957 90.62762159478653 102.60545149031405 96.62752302010679 97.58934204108012 98.60594942340038 98.10046145333325 92.40698819412862 96.56823107483352 103.48550256059333 103.70473473901274 102.75038521507872 99.6011733842335 105.36090259678028 110.51497374843892 108.43710325572823 100.48327475557367 101.54915227607373 101.64228071323943 103.3016528426546 100.39129426715456 102.75186112329995 106.51280533928218 94.40242166661011 101.33255252733986 108.55707704867582 100.526869449756 98.00952852133791 107.60814617234574 98.53583845748786 95.77522469860968 99.7050468358285 97.3390640428055 102.78555685855041 101.02027725714568 103.43612097126008 103.91193184766043 103.99316723201966 95.60360793784936 97.04523345609869 0.0 100.59164342931413 101.2480942589785 96.29680808231325 101.592750311761 99.95063873567246 100.53214170673523
