50
0.0 93.49232292994978 104.41550503460974 104.03532555112368 106.67926073834529 110.45788303979029 93.49232292994978 102.92539776213836 105.43477531213279 104.95926938506386 88.54906164266853 100.472777432794 108.24727333653507 103.35328996291138 98.48593511658324 101.24074639577171 102.702229497781 100.66541105021986 99.12152548712115 102.031388953364 100.31245985361818 104.26870594653083 94.77844367231525 100.89647506748595 104.61635685378222 101.40185203885349 98.08688465264528 103.23597399803032 89.89814823728435 101.07220046214746 99.8162387828259 99.70383455876461 101.7171940838171 102.46975709100278 90.46497996053445 98.86886469703335 105.3235523965048 98.40956633246022 103.35975793323472 92.76781195465335 90.58348476934947 102.02203515769952 101.32978685413826 93.9973800499106 96.61750865301045 106.75748349250941 99.541945697904 93.9973800499106 104.84619971369733 91.0043816422717
93.49232292994978 0.0 98.70237062299061 97.84167103273974 99.65882861730879 107.95335293170325 107.9172942756089 94.56288291042856 102.02203515769952 100.56670783432234 106.64084292026966 89.76510671520407 99.98454006674402 103.68308716541567 96.19580342963597 93.38218413208472 101.21218613500814 97.27498936855736 102.81581634671932 104.75306994049228 91.08389673407461 98.71522342917335 93.04937752556702 97.93858726296845 101.07220046214746 101.32978685413826 98.73415236850319 99.541945697904 106.9581624886734 99.82997126893261 97.5474484103514 94.56288291042856 100.32632225848903 92.41494336152735 93.43364484793506 95.90973246786427 92.19942840268243 99.88428225573436 101.52807419749935 99.88428225573436 97.74174415129323 103.35328996291138 106.64084292026966 92.41494336152735 104.03532555112368 101.63547750565736 98.12440609467009 107.12193272562037 96.61899339474387 105.3235523965048
104.41550503460974 98.70237062299061 0.0 95.31918083904884 108.46072992184352 103.35975793323472 99.38506260860035 102.39016872316606 104.61635685378222 108.03116937120129 100.09648877575056 98.3153466832277 95.31918083904884 100.65155995666632 101.24074639577171 98.73415236850319 99.541945697904 99.82997126893261 102.28846341237524 90.46497996053445 92.39818819508076 100.13142307998125 105.3235523965048 105.3235523965048 96.09116130426582 95.99246530688947 97.77292752899653 104.26870594653083 98.12440609467009 104.26423174781759 94.60063792859353 104.6158839206087 100.03759642503195 104.75306994049228 109.86676913948033 95.79772655602193 93.94864804393094 100.4578548217461 99.8162387828259 94.66195867909428 89.20975783894819 97.36959839775577 103.58916459892686 91.63224117778998 97.73497945226764 104.38482320931546 95.24379095196102 104.37644369044095 102.031388953364 102.30637929270482
104.03532555112368 97.84167103273974 95.31918083904884 0.0 104.38482320931546 100.31245985361818 93.95329673651554 102.75704692393514 93.8038392771176 94.66195867909428 93.293246055968 103.58916459892686 99.11789650350386 96.78803277198912 98.40956633246022 98.3153466832277 98.71522342917335 99.20805752367055 105.3235523965048 107.35313325268606 90.90589071043601 102.42285551176496 97.81157960405407 104.03532555112368 103.12409546860546 98.5114219782084 96.6269070506445 97.6764921987732 103.35975793323472 97.72442147894958 99.79701600907663 96.19580342963597 99.12152548712115 99.05358093163865 102.98343389861748 106.77276451779308 98.53069479820891 104.75306994049228 96.09116130426582 98.01045280258458 102.96589471991365 102.40013737475068 102.92539776213836 95.31918083904884 98.48593511658324 94.60119406962397 102.702229497781 94.96422407031586 102.53972955110335 102.30637929270482
106.67926073834529 99.65882861730879 108.46072992184352 104.38482320931546 0.0 102.98343389861748 106.75748349250941 102.77803852207738 96.71795263987084 97.92988146097495 106.41709044340264 102.92539776213836 90.46497996053445 99.58580911290504 102.93326704925104 103.1264928617904 93.04937752556702 98.70237062299061 105.43477531213279 102.1532636714852 95.1717851975592 99.20805752367055 100.89647506748595 100.56670783432234 99.38506260860035 95.68454770234622 90.58348476934947 98.3153466832277 98.71522342917335 106.40946439784898 91.82267716522212 99.18208502189248 104.20414457643341 99.11789650350386 100.48084056786391 98.48593511658324 95.93480021752512 100.98895283302352 104.86515081587447 101.05318308098641 102.46975709100278 102.9997392418342 98.48593511658324 104.37644369044095 98.01045280258458 104.75306994049228 102.02203515769952 107.95335293170325 102.98343389861748 101.52807419749935
110.45788303979029 107.95335293170325 103.35975793323472 100.31245985361818 102.98343389861748 0.0 105.2119967052326 97.57648656951139 100.48084056786391 90.23296310898579 93.95329673651554 98.40462359570276 97.77292752899653 104.26870594653083 102.68755627513133 107.35313325268606 108.03116937120129 97.05610580030388 102.31568294690587 93.94864804393094 109.47584271171398 104.95926938506386 102.031388953364 96.78803277198912 94.60063792859353 96.6269070506445 111.2020134824833 93.293246055968 105.2119967052326 95.68454770234622 100.92905625111128 103.28017017835424 102.3064624985298 98.53069479820891 95.68454770234622 99.38506260860035 101.43737384795412 95.68454770234622 92.19942840268243 102.3064624985298 101.39635407608989 91.63224117778998 95.3029555230695 99.20805752367055 102.96589471991365 104.26870594653083 109.86676913948033 91.08389673407461 97.74174415129323 91.08389673407461
93.49232292994978 107.9172942756089 99.38506260860035 93.95329673651554 106.75748349250941 105.2119967052326 0.0 100.68358635776903 99.82997126893261 94.77844367231525 92.88785161335987 94.60063792859353 89.20975783894819 102.702229497781 98.48593511658324 99.58580911290504 103.78536139588824 94.77844367231525 100.48084056786391 106.41709044340264 100.98895283302352 103.68308716541567 97.27498936855736 98.71522342917335 98.70237062299061 103.58916459892686 106.75748349250941 109.47584271171398 97.6764921987732 98.3153466832277 104.26870594653083 98.73415236850319 102.9997392418342 101.63547750565736 92.39818819508076 101.43737384795412 103.35975793323472 104.20414457643341 101.52807419749935 95.24379095196102 101.40185203885349 92.19942840268243 106.41709044340264 102.49066926067624 100.92905625111128 94.56288291042856 102.93326704925104 96.19580342963597 101.40185203885349 99.82997126893261
102.92539776213836 94.56288291042856 102.39016872316606 102.75704692393514 102.77803852207738 97.57648656951139 100.68358635776903 0.0 93.49232292994978 102.33390365118208 96.61750865301045 97.77292752899653 96.78803277198912 99.58580911290504 99.70383455876461 102.02203515769952 107.40845979794744 104.61635685378222 102.30637929270482 95.76645010978066 98.70237062299061 95.68454770234622 97.45061928575774 105.2119967052326 96.71795263987084 101.39635407608989 99.54929148513601 97.45061928575774 103.35328996291138 94.19575414135242 98.01045280258458 98.12440609467009 100.98895283302352 104.61635685378222 108.03116937120129 92.29837290650804 93.38218413208472 107.95335293170325 95.31918083904884 98.73415236850319 106.9581624886734 99.70383455876461 100.31245985361818 92.95886716471665 99.05358093163865 102.28846341237524 95.99246530688947 99.82997126893261 94.3540296080504 99.58580911290504
105.43477531213279 102.02203515769952 104.61635685378222 93.8038392771176 96.71795263987084 100.48084056786391 99.82997126893261 93.49232292994978 0.0 97.12761852978576 102.46975709100278 104.41550503460974 95.68454770234622 108.24727333653507 102.93326704925104 107.35313325268606 97.45061928575774 91.82267716522212 98.9400774566968 93.293246055968 91.08389673407461 100.32381605178088 97.72442147894958 101.26322250937592 96.21172216370225 93.9973800499106 104.43287938148931 94.66195867909428 94.05767561366696 96.19580342963597 92.88785161335987 99.54929148513601 102.92539776213836 102.75704692393514 106.67926073834529 101.05318308098641 93.9973800499106 100.32632225848903 100.31245985361818 97.27498936855736 104.61635685378222 101.40185203885349 101.73554435469222 96.19580342963597 99.65882861730879 98.17680089061935 94.05767561366696 95.65676307018117 98.9400774566968 93.24240282757349
104.95926938506386 100.56670783432234 108.03116937120129 94.66195867909428 97.92988146097495 90.23296310898579 94.77844367231525 102.33390365118208 97.12761852978576 0.0 102.68755627513133 98.40956633246022 91.08389673407461 98.17680089061935 99.20805752367055 100.24475700578753 99.24672109203145 99.6511937007762 98.40956633246022 107.12193272562037 97.05610580030388 94.00645408197911 101.32978685413826 102.53972955110335 108.24727333653507 101.24074639577171 94.00645408197911 98.705472666793 89.76510671520407 101.32978685413826 95.24379095196102 93.85761592233341 102.031388953364 98.70237062299061 97.36959839775577 101.40185203885349 104.37644369044095 107.9172942756089 89.89814823728435 99.12152548712115 100.65155995666632 92.88785161335987 93.95329673651554 105.82143770227836 91.95042335441717 106.41709044340264 90.33907735566714 92.95886716471665 89.20975783894819 91.0043816422717
88.54906164266853 106.64084292026966 100.09648877575056 93.293246055968 106.41709044340264 93.95329673651554 92.88785161335987 96.61750865301045 102.46975709100278 102.68755627513133 0.0 102.28846341237524 94.66195867909428 95.3029555230695 102.22474553642513 102.49066926067624 102.702229497781 91.0043816422717 102.31568294690587 109.47584271171398 98.12440609467009 95.24379095196102 101.12029099482916 84.49146978445708 108.46072992184352 99.18208502189248 99.18208502189248 99.12152548712115 94.05767561366696 104.03532555112368 102.75704692393514 102.96589471991365 102.81581634671932 104.26423174781759 99.541945697904 105.82143770227836 100.32632225848903 103.12409546860546 102.98343389861748 106.18566953295006 92.41494336152735 102.22474553642513 99.11789650350386 98.12440609467009 101.40185203885349 102.9997392418342 99.20805752367055 104.38482320931546 101.26322250937592 99.83317472476215
100.472777432794 89.76510671520407 98.3153466832277 103.58916459892686 102.92539776213836 98.40462359570276 94.60063792859353 97.77292752899653 104.41550503460974 98.40956633246022 102.28846341237524 0.0 93.8038392771176 101.63547750565736 95.90973246786427 99.88428225573436 98.86886469703335 92.95886716471665 95.21858939627957 96.03264794534853 100.31245985361818 96.59021500473736 91.08389673407461 107.05377306958388 107.12193272562037 103.78536139588824 94.96422407031586 107.12193272562037 93.43364484793506 109.47584271171398 101.63547750565736 94.66195867909428 103.28017017835424 101.39635407608989 101.39635407608989 100.12338223470152 106.75748349250941 90.51590392877064 97.12761852978576 102.31568294690587 90.33907735566714 96.78803277198912 99.12152548712115 93.04505306331806 96.59021500473736 101.52807419749935 97.05610580030388 94.96422407031586 101.32978685413826 101.05318308098641
108.24727333653507 99.98454006674402 95.31918083904884 99.11789650350386 90.46497996053445 97.77292752899653 89.20975783894819 96.78803277198912 95.68454770234622 91.08389673407461 94.66195867909428 93.8038392771176 0.0 107.12193272562037 96.61750865301045 100.09648877575056 97.12761852978576 101.26322250937592 91.95042335441717 94.19575414135242 93.293246055968 99.83317472476215 107.12193272562037 99.82997126893261 101.39635407608989 101.7171940838171 102.33390365118208 92.29837290650804 94.56288291042856 90.58348476934947 102.46975709100278 102.81581634671932 100.66541105021986 104.26423174781759 95.1717851975592 104.37644369044095 103.78536139588824 99.12152548712115 103.58916459892686 102.22474553642513 94.66195867909428 91.95042335441717 99.98454006674402 103.1264928617904 102.9997392418342 97.5474484103514 97.27498936855736 100.32632225848903 100.4578548217461 100.48084056786391
103.35328996291138 103.68308716541567 100.65155995666632 96.78803277198912 99.58580911290504 104.26870594653083 102.702229497781 99.58580911290504 108.24727333653507 98.17680089061935 95.3029555230695 101.63547750565736 107.12193272562037 0.0 96.6269070506445 94.3540296080504 99.83317472476215 94.76117470243298 99.12152548712115 97.5474484103514 97.93858726296845 89.89814823728435 96.09116130426582 93.24240282757349 102.33390365118208 98.86886469703335 98.70237062299061 101.26322250937592 101.05318308098641 107.35313325268606 105.43477531213279 104.86515081587447 97.74174415129323 91.82267716522212 98.705472666793 102.031388953364 94.05767561366696 104.37644369044095 98.68061659642973 106.40946439784898 107.12193272562037 98.70237062299061 93.293246055968 102.96589471991365 91.08389673407461 102.39016872316606 96.19580342963597 101.39635407608989 91.08389673407461 109.86676913948033
98.48593511658324 96.19580342963597 101.24074639577171 98.40956633246022 102.93326704925104 102.68755627513133 98.48593511658324 99.70383455876461 102.93326704925104 99.20805752367055 102.22474553642513 95.90973246786427 96.61750865301045 96.6269070506445 0.0 97.92988146097495 102.20131128156581 98.3153466832277 102.33390365118208 101.43737384795412 94.77844367231525 96.71795263987084 106.77276451779308 100.89647506748595 97.05610580030388 102.30637929270482 96.79027339181398 100.24475700578753 106.41709044340264 99.38506260860035 95.76645010978066 99.12152548712115 90.23296310898579 102.31568294690587 102.30637929270482 100.09648877575056 103.68308716541567 104.75306994049228 98.12440609467009 101.73554435469222 95.90272350686108 92.19942840268243 102.81581634671932 97.77292752899653 102.02203515769952 99.18208502189248 102.39016872316606 99.12152548712115 96.71795263987084 103.35328996291138
101.24074639577171 93.38218413208472 98.73415236850319 98.3153466832277 103.1264928617904 107.35313325268606 99.58580911290504 102.02203515769952 107.35313325268606 100.24475700578753 102.49066926067624 99.88428225573436 100.09648877575056 94.3540296080504 97.92988146097495 0.0 99.71341494794824 96.6269070506445 91.49848663375852 104.41550503460974 103.35328996291138 94.77335390025029 105.2119967052326 94.29694362260112 100.13142307998125 99.28477287447807 100.89647506748595 102.53972955110335 100.13142307998125 99.20805752367055 98.17680089061935 100.92905625111128 98.12440609467009 96.6269070506445 98.12440609467009 96.78803277198912 90.90589071043601 102.22474553642513 104.20414457643341 97.74174415129323 96.21172216370225 98.68061659642973 104.61635685378222 103.54807194959656 95.76645010978066 96.78803277198912 100.03759642503195 93.38218413208472 103.28017017835424 102.02203515769952
102.702229497781 101.21218613500814 99.541945697904 98.71522342917335 93.04937752556702 108.03116937120129 103.78536139588824 107.40845979794744 97.45061928575774 99.24672109203145 102.702229497781 98.86886469703335 97.12761852978576 99.83317472476215 102.20131128156581 99.71341494794824 0.0 92.76781195465335 99.11789650350386 97.84167103273974 101.07220046214746 109.47584271171398 102.73273091524672 93.9973800499106 99.8162387828259 106.75748349250941 95.24379095196102 104.95926938506386 97.77292752899653 107.95335293170325 94.45670222760735 108.24727333653507 102.30637929270482 111.2020134824833 98.5114219782084 103.35328996291138 98.40956633246022 92.88785161335987 100.31245985361818 96.61750865301045 106.41709044340264 107.12193272562037 94.60063792859353 99.98454006674402 103.78536139588824 99.54929148513601 105.2119967052326 101.73554435469222 98.68061659642973 95.31918083904884
100.66541105021986 97.27498936855736 99.82997126893261 99.20805752367055 98.70237062299061 97.05610580030388 94.77844367231525 104.61635685378222 91.82267716522212 99.6511937007762 91.0043816422717 92.95886716471665 101.26322250937592 94.76117470243298 98.3153466832277 96.6269070506445 92.76781195465335 0.0 100.472777432794 103.58916459892686 99.05358093163865 96.71795263987084 95.65676307018117 107.05377306958388 102.96589471991365 98.53069479820891 104.95926938506386 95.65676307018117 95.76645010978066 100.68358635776903 107.95335293170325 100.89647506748595 102.77803852207738 97.27498936855736 102.81581634671932 98.01045280258458 101.32978685413826 102.42285551176496 102.68755627513133 97.05610580030388 102.28846341237524 97.84167103273974 101.40185203885349 104.26870594653083 99.98454006674402 102.28846341237524 90.51590392877064 105.53904452553404 102.22474553642513 90.33907735566714
99.12152548712115 102.81581634671932 102.28846341237524 105.3235523965048 105.43477531213279 102.31568294690587 100.48084056786391 102.30637929270482 98.9400774566968 98.40956633246022 102.31568294690587 95.21858939627957 91.95042335441717 99.12152548712115 102.33390365118208 91.49848663375852 99.11789650350386 100.472777432794 0.0 100.24475700578753 96.09116130426582 98.3153466832277 95.99246530688947 96.03264794534853 99.541945697904 95.31918083904884 98.3153466832277 106.40946439784898 108.03116937120129 104.26870594653083 101.21218613500814 90.51590392877064 102.3064624985298 93.43364484793506 94.19575414135242 103.15006329601961 101.52807419749935 94.45670222760735 97.5474484103514 104.6158839206087 93.95329673651554 103.23597399803032 100.89647506748595 110.45788303979029 98.01045280258458 96.03264794534853 96.17262411916731 100.472777432794 101.7171940838171 90.58348476934947
102.031388953364 104.75306994049228 90.46497996053445 107.35313325268606 102.1532636714852 93.94864804393094 106.41709044340264 95.76645010978066 93.293246055968 107.12193272562037 109.47584271171398 96.03264794534853 94.19575414135242 97.5474484103514 101.43737384795412 104.41550503460974 97.84167103273974 103.58916459892686 100.24475700578753 0.0 99.54929148513601 102.53972955110335 95.90973246786427 104.03532555112368 103.28017017835424 91.83469654606297 95.76645010978066 95.3029555230695 93.43364484793506 106.18566953295006 98.40956633246022 95.21858939627957 102.02203515769952 99.24672109203145 94.76117470243298 93.293246055968 93.43364484793506 96.05531882357779 97.5474484103514 101.15188383638998 93.293246055968 98.71522342917335 96.09116130426582 101.63547750565736 102.31568294690587 101.05318308098641 103.54807194959656 101.05318308098641 97.72442147894958 97.27498936855736
100.31245985361818 91.08389673407461 92.39818819508076 90.90589071043601 95.1717851975592 109.47584271171398 100.98895283302352 98.70237062299061 91.08389673407461 97.05610580030388 98.12440609467009 100.31245985361818 93.293246055968 97.93858726296845 94.77844367231525 103.35328996291138 101.07220046214746 99.05358093163865 96.09116130426582 99.54929148513601 0.0 101.84867046722391 105.2119967052326 94.96422407031586 97.12761852978576 97.12761852978576 93.8038392771176 96.79027339181398 105.3235523965048 98.68061659642973 99.58580911290504 100.48084056786391 101.39635407608989 100.24475700578753 102.49066926067624 104.26870594653083 101.43737384795412 99.54929148513601 97.38159871624029 94.45670222760735 101.24074639577171 97.36959839775577 107.05377306958388 92.19942840268243 95.3029555230695 99.79701600907663 91.0043816422717 102.702229497781 101.40185203885349 101.39635407608989
104.26870594653083 98.71522342917335 100.13142307998125 102.42285551176496 99.20805752367055 104.95926938506386 103.68308716541567 95.68454770234622 100.32381605178088 94.00645408197911 95.24379095196102 96.59021500473736 99.83317472476215 89.89814823728435 96.71795263987084 94.77335390025029 109.47584271171398 96.71795263987084 98.3153466832277 102.53972955110335 101.84867046722391 0.0 97.74174415129323 99.82997126893261 102.20131128156581 106.64084292026966 92.29837290650804 89.89814823728435 97.73497945226764 102.81581634671932 102.33390365118208 96.17262411916731 106.64084292026966 99.05358093163865 104.37644369044095 99.12152548712115 98.40956633246022 99.70383455876461 89.89814823728435 104.1456564946134 95.90973246786427 104.20414457643341 96.61750865301045 88.54906164266853 91.83469654606297 99.79701600907663 102.81581634671932 99.82997126893261 95.90272350686108 100.89647506748595
94.77844367231525 93.04937752556702 105.3235523965048 97.81157960405407 100.89647506748595 102.031388953364 97.27498936855736 97.45061928575774 97.72442147894958 101.32978685413826 101.12029099482916 91.08389673407461 107.12193272562037 96.09116130426582 106.77276451779308 105.2119967052326 102.73273091524672 95.65676307018117 95.99246530688947 95.90973246786427 105.2119967052326 97.74174415129323 0.0 102.9997392418342 107.9172942756089 111.2020134824833 98.53069479820891 97.74174415129323 103.15006329601961 96.59021500473736 106.18566953295006 99.6511937007762 106.9581624886734 104.26870594653083 104.44552970403295 100.24475700578753 98.12440609467009 95.99246530688947 97.12761852978576 89.20975783894819 94.45670222760735 102.33390365118208 98.5114219782084 98.5114219782084 96.79027339181398 92.39818819508076 88.54906164266853 111.2020134824833 102.3064624985298 94.77335390025029
100.89647506748595 97.93858726296845 105.3235523965048 104.03532555112368 100.56670783432234 96.78803277198912 98.71522342917335 105.2119967052326 101.26322250937592 102.53972955110335 84.49146978445708 107.05377306958388 99.82997126893261 93.24240282757349 100.89647506748595 94.29694362260112 93.9973800499106 107.05377306958388 96.03264794534853 104.03532555112368 94.96422407031586 99.82997126893261 102.9997392418342 0.0 96.79027339181398 104.95926938506386 104.26870594653083 105.53904452553404 99.05358093163865 99.8162387828259 102.20665950037348 100.24475700578753 97.57648656951139 111.2020134824833 89.20975783894819 84.49146978445708 98.17680089061935 102.75704692393514 99.8162387828259 84.49146978445708 92.95886716471665 92.31024876596398 103.68308716541567 100.48084056786391 99.82997126893261 99.70383455876461 102.20665950037348 99.11789650350386 98.9400774566968 104.84619971369733
104.61635685378222 101.07220046214746 96.09116130426582 103.12409546860546 99.38506260860035 94.60063792859353 98.70237062299061 96.71795263987084 96.21172216370225 108.24727333653507 108.46072992184352 107.12193272562037 101.39635407608989 102.33390365118208 97.05610580030388 100.13142307998125 99.8162387828259 102.96589471991365 99.541945697904 103.28017017835424 97.12761852978576 102.20131128156581 107.9172942756089 96.79027339181398 0.0 102.42285551176496 97.27498936855736 101.05318308098641 93.04505306331806 107.05377306958388 94.60119406962397 102.68755627513133 95.79772655602193 99.65882861730879 103.1264928617904 101.15188383638998 93.9973800499106 102.702229497781 97.12761852978576 92.19942840268243 96.17262411916731 95.90973246786427 93.24240282757349 99.65882861730879 99.63747887073853 93.24240282757349 96.59021500473736 92.31024876596398 100.4578548217461 97.27498936855736
101.40185203885349 101.32978685413826 95.99246530688947 98.5114219782084 95.68454770234622 96.6269070506445 103.58916459892686 101.39635407608989 93.9973800499106 101.24074639577171 99.18208502189248 103.78536139588824 101.7171940838171 98.86886469703335 102.30637929270482 99.28477287447807 106.75748349250941 98.53069479820891 95.31918083904884 91.83469654606297 97.12761852978576 106.64084292026966 111.2020134824833 104.95926938506386 102.42285551176496 0.0 97.38159871624029 99.20805752367055 107.9172942756089 98.68061659642973 104.26870594653083 102.20131128156581 101.40185203885349 97.77292752899653 99.12152548712115 102.42285551176496 98.3153466832277 96.71795263987084 100.472777432794 102.77803852207738 102.40013737475068 108.03116937120129 102.28846341237524 102.40013737475068 100.32381605178088 103.58916459892686 94.76117470243298 94.05767561366696 91.95042335441717 104.37644369044095
98.08688465264528 98.73415236850319 97.77292752899653 96.6269070506445 90.58348476934947 111.2020134824833 106.75748349250941 99.54929148513601 104.43287938148931 94.00645408197911 99.18208502189248 94.96422407031586 102.33390365118208 98.70237062299061 96.79027339181398 100.89647506748595 95.24379095196102 104.95926938506386 98.3153466832277 95.76645010978066 93.8038392771176 92.29837290650804 98.53069479820891 104.26870594653083 97.27498936855736 97.38159871624029 0.0 94.60063792859353 93.9973800499106 100.66541105021986 100.65155995666632 99.05358093163865 102.49066926067624 100.92905625111128 101.26322250937592 98.71522342917335 93.293246055968 92.41494336152735 102.20131128156581 99.71341494794824 99.98454006674402 100.56670783432234 98.01045280258458 103.68308716541567 98.53069479820891 96.03264794534853 104.26870594653083 95.68454770234622 94.60119406962397 95.65676307018117
103.23597399803032 99.541945697904 104.26870594653083 97.6764921987732 98.3153466832277 93.293246055968 109.47584271171398 97.45061928575774 94.66195867909428 98.705472666793 99.12152548712115 107.12193272562037 92.29837290650804 101.26322250937592 100.24475700578753 102.53972955110335 104.95926938506386 95.65676307018117 106.40946439784898 95.3029555230695 96.79027339181398 89.89814823728435 97.74174415129323 105.53904452553404 101.05318308098641 99.20805752367055 94.60063792859353 0.0 106.9581624886734 94.76117470243298 99.70383455876461 104.61635685378222 97.84167103273974 98.71522342917335 93.43364484793506 92.31024876596398 101.43737384795412 105.43477531213279 104.95926938506386 96.19580342963597 97.38159871624029 101.63547750565736 105.2119967052326 98.08688465264528 93.293246055968 100.09648877575056 100.4578548217461 102.75704692393514 102.22474553642513 92.95886716471665
89.89814823728435 106.9581624886734 98.12440609467009 103.35975793323472 98.71522342917335 105.2119967052326 97.6764921987732 103.35328996291138 94.05767561366696 89.76510671520407 94.05767561366696 93.43364484793506 94.56288291042856 101.05318308098641 106.41709044340264 100.13142307998125 97.77292752899653 95.76645010978066 108.03116937120129 93.43364484793506 105.3235523965048 97.73497945226764 103.15006329601961 99.05358093163865 93.04505306331806 107.9172942756089 93.9973800499106 106.9581624886734 0.0 104.95926938506386 100.4578548217461 90.46497996053445 95.16100973347196 102.46975709100278 102.1532636714852 103.28017017835424 102.81581634671932 93.85761592233341 91.82267716522212 103.58916459892686 94.3540296080504 99.20805752367055 98.5114219782084 97.12761852978576 93.94864804393094 108.03116937120129 104.1456564946134 107.40845979794744 94.77844367231525 94.05767561366696
101.07220046214746 99.82997126893261 104.26423174781759 97.72442147894958 106.40946439784898 95.68454770234622 98.3153466832277 94.19575414135242 96.19580342963597 101.32978685413826 104.03532555112368 109.47584271171398 90.58348476934947 107.35313325268606 99.38506260860035 99.20805752367055 107.95335293170325 100.68358635776903 104.26870594653083 106.18566953295006 98.68061659642973 102.81581634671932 96.59021500473736 99.8162387828259 107.05377306958388 98.68061659642973 100.66541105021986 94.76117470243298 104.95926938506386 0.0 99.8162387828259 99.82997126893261 104.26423174781759 97.45061928575774 93.43364484793506 99.8162387828259 84.49146978445708 88.54906164266853 98.86886469703335 93.04505306331806 99.05358093163865 98.5114219782084 95.90272350686108 89.20975783894819 97.38159871624029 109.47584271171398 106.77276451779308 90.90589071043601 99.6511937007762 103.35328996291138
99.8162387828259 97.5474484103514 94.60063792859353 99.79701600907663 91.82267716522212 100.92905625111128 104.26870594653083 98.01045280258458 92.88785161335987 95.24379095196102 102.75704692393514 101.63547750565736 102.46975709100278 105.43477531213279 95.76645010978066 98.17680089061935 94.45670222760735 107.95335293170325 101.21218613500814 98.40956633246022 99.58580911290504 102.33390365118208 106.18566953295006 102.20665950037348 94.60119406962397 104.26870594653083 100.65155995666632 99.70383455876461 100.4578548217461 99.8162387828259 0.0 100.12338223470152 103.35975793323472 105.2119967052326 100.32632225848903 99.79701600907663 104.1456564946134 99.71341494794824 94.05767561366696 94.05767561366696 99.18208502189248 101.39635407608989 104.26423174781759 102.81581634671932 99.11789650350386 94.96422407031586 106.75748349250941 102.30637929270482 99.71341494794824 94.00645408197911
99.70383455876461 94.56288291042856 104.6158839206087 96.19580342963597 99.18208502189248 103.28017017835424 98.73415236850319 98.12440609467009 99.54929148513601 93.85761592233341 102.96589471991365 94.66195867909428 102.81581634671932 104.86515081587447 99.12152548712115 100.92905625111128 108.24727333653507 100.89647506748595 90.51590392877064 95.21858939627957 100.48084056786391 96.17262411916731 99.6511937007762 100.24475700578753 102.68755627513133 102.20131128156581 99.05358093163865 104.61635685378222 90.46497996053445 99.82997126893261 100.12338223470152 0.0 92.88785161335987 98.40462359570276 95.3029555230695 100.65155995666632 102.42285551176496 93.9973800499106 93.04937752556702 101.12029099482916 96.61750865301045 100.32381605178088 100.12338223470152 96.03264794534853 102.3064624985298 98.9400774566968 101.73554435469222 99.82997126893261 103.23597399803032 92.76781195465335
101.7171940838171 100.32632225848903 100.03759642503195 99.12152548712115 104.20414457643341 102.3064624985298 102.9997392418342 100.98895283302352 102.92539776213836 102.031388953364 102.81581634671932 103.28017017835424 100.66541105021986 97.74174415129323 90.23296310898579 98.12440609467009 102.30637929270482 102.77803852207738 102.3064624985298 102.02203515769952 101.39635407608989 106.64084292026966 106.9581624886734 97.57648656951139 95.79772655602193 101.40185203885349 102.49066926067624 97.84167103273974 95.16100973347196 104.26423174781759 103.35975793323472 92.88785161335987 0.0 98.68061659642973 98.73415236850319 93.24240282757349 94.29694362260112 97.92988146097495 109.47584271171398 97.12761852978576 94.77335390025029 94.45670222760735 106.18566953295006 95.90272350686108 102.46975709100278 104.44552970403295 101.26322250937592 102.68755627513133 102.20131128156581 102.75704692393514
102.46975709100278 92.41494336152735 104.75306994049228 99.05358093163865 99.11789650350386 98.53069479820891 101.63547750565736 104.61635685378222 102.75704692393514 98.70237062299061 104.26423174781759 101.39635407608989 104.26423174781759 91.82267716522212 102.31568294690587 96.6269070506445 111.2020134824833 97.27498936855736 93.43364484793506 99.24672109203145 100.24475700578753 99.05358093163865 104.26870594653083 111.2020134824833 99.65882861730879 97.77292752899653 100.92905625111128 98.71522342917335 102.46975709100278 97.45061928575774 105.2119967052326 98.40462359570276 98.68061659642973 0.0 93.94864804393094 99.24672109203145 92.88785161335987 102.81581634671932 94.77335390025029 95.90272350686108 98.40956633246022 91.83469654606297 102.42285551176496 104.03532555112368 100.48084056786391 100.98895283302352 105.43477531213279 93.8038392771176 102.46975709100278 95.76645010978066
90.46497996053445 93.43364484793506 109.86676913948033 102.98343389861748 100.48084056786391 95.68454770234622 92.39818819508076 108.03116937120129 106.67926073834529 97.36959839775577 99.541945697904 101.39635407608989 95.1717851975592 98.705472666793 102.30637929270482 98.12440609467009 98.5114219782084 102.81581634671932 94.19575414135242 94.76117470243298 102.49066926067624 104.37644369044095 104.44552970403295 89.20975783894819 103.1264928617904 99.12152548712115 101.26322250937592 93.43364484793506 102.1532636714852 93.43364484793506 100.32632225848903 95.3029555230695 98.73415236850319 93.94864804393094 0.0 101.39635407608989 99.24672109203145 102.30637929270482 99.38506260860035 99.79701600907663 103.1264928617904 93.04937752556702 109.47584271171398 99.20805752367055 99.18208502189248 98.17680089061935 95.79772655602193 98.53069479820891 96.17262411916731 95.16100973347196
98.86886469703335 95.90973246786427 95.79772655602193 106.77276451779308 98.48593511658324 99.38506260860035 101.43737384795412 92.29837290650804 101.05318308098641 101.40185203885349 105.82143770227836 100.12338223470152 104.37644369044095 102.031388953364 100.09648877575056 96.78803277198912 103.35328996291138 98.01045280258458 103.15006329601961 93.293246055968 104.26870594653083 99.12152548712115 100.24475700578753 84.49146978445708 101.15188383638998 102.42285551176496 98.71522342917335 92.31024876596398 103.28017017835424 99.8162387828259 99.79701600907663 100.65155995666632 93.24240282757349 99.24672109203145 101.39635407608989 0.0 97.12761852978576 91.49848663375852 91.82267716522212 96.61899339474387 106.41709044340264 102.40013737475068 94.45670222760735 108.03116937120129 103.35328996291138 95.1717851975592 99.28477287447807 95.24379095196102 103.15006329601961 96.17262411916731
105.3235523965048 92.19942840268243 93.94864804393094 98.53069479820891 95.93480021752512 101.43737384795412 103.35975793323472 93.38218413208472 93.9973800499106 104.37644369044095 100.32632225848903 106.75748349250941 103.78536139588824 94.05767561366696 103.68308716541567 90.90589071043601 98.40956633246022 101.32978685413826 101.52807419749935 93.43364484793506 101.43737384795412 98.40956633246022 98.12440609467009 98.17680089061935 93.9973800499106 98.3153466832277 93.293246055968 101.43737384795412 102.81581634671932 84.49146978445708 104.1456564946134 102.42285551176496 94.29694362260112 92.88785161335987 99.24672109203145 97.12761852978576 0.0 99.28477287447807 89.20975783894819 101.39635407608989 100.56670783432234 96.78803277198912 100.32632225848903 106.18566953295006 102.40013737475068 102.42285551176496 95.65676307018117 94.77844367231525 93.95329673651554 101.12029099482916
98.40956633246022 99.88428225573436 100.4578548217461 104.75306994049228 100.98895283302352 95.68454770234622 104.20414457643341 107.95335293170325 100.32632225848903 107.9172942756089 103.12409546860546 90.51590392877064 99.12152548712115 104.37644369044095 104.75306994049228 102.22474553642513 92.88785161335987 102.42285551176496 94.45670222760735 96.05531882357779 99.54929148513601 99.70383455876461 95.99246530688947 102.75704692393514 102.702229497781 96.71795263987084 92.41494336152735 105.43477531213279 93.85761592233341 88.54906164266853 99.71341494794824 93.9973800499106 97.92988146097495 102.81581634671932 102.30637929270482 91.49848663375852 99.28477287447807 0.0 98.68061659642973 96.78803277198912 92.95886716471665 91.82267716522212 96.6269070506445 102.53972955110335 107.05377306958388 102.39016872316606 106.64084292026966 101.84867046722391 99.38506260860035 100.09648877575056
103.35975793323472 101.52807419749935 99.8162387828259 96.09116130426582 104.86515081587447 92.19942840268243 101.52807419749935 95.31918083904884 100.31245985361818 89.89814823728435 102.98343389861748 97.12761852978576 103.58916459892686 98.68061659642973 98.12440609467009 104.20414457643341 100.31245985361818 102.68755627513133 97.5474484103514 97.5474484103514 97.38159871624029 89.89814823728435 97.12761852978576 99.8162387828259 97.12761852978576 100.472777432794 102.20131128156581 104.95926938506386 91.82267716522212 98.86886469703335 94.05767561366696 93.04937752556702 109.47584271171398 94.77335390025029 99.38506260860035 91.82267716522212 89.20975783894819 98.68061659642973 0.0 102.46975709100278 104.43287938148931 102.39016872316606 102.02203515769952 103.58916459892686 94.60119406962397 102.81581634671932 96.03264794534853 108.24727333653507 101.05318308098641 106.75748349250941
92.76781195465335 99.88428225573436 94.66195867909428 98.01045280258458 101.05318308098641 102.3064624985298 95.24379095196102 98.73415236850319 97.27498936855736 99.12152548712115 106.18566953295006 102.31568294690587 102.22474553642513 106.40946439784898 101.73554435469222 97.74174415129323 96.61750865301045 97.05610580030388 104.6158839206087 101.15188383638998 94.45670222760735 104.1456564946134 89.20975783894819 84.49146978445708 92.19942840268243 102.77803852207738 99.71341494794824 96.19580342963597 103.58916459892686 93.04505306331806 94.05767561366696 101.12029099482916 97.12761852978576 95.90272350686108 99.79701600907663 96.61899339474387 101.39635407608989 96.78803277198912 102.46975709100278 0.0 102.98343389861748 92.19942840268243 106.77276451779308 84.49146978445708 95.99246530688947 95.31918083904884 100.89647506748595 91.0043816422717 101.15188383638998 96.71795263987084
90.58348476934947 97.74174415129323 89.20975783894819 102.96589471991365 102.46975709100278 101.39635407608989 101.40185203885349 106.9581624886734 104.61635685378222 100.65155995666632 92.41494336152735 90.33907735566714 94.66195867909428 107.12193272562037 95.90272350686108 96.21172216370225 106.41709044340264 102.28846341237524 93.95329673651554 93.293246055968 101.24074639577171 95.90973246786427 94.45670222760735 92.95886716471665 96.17262411916731 102.40013737475068 99.98454006674402 97.38159871624029 94.3540296080504 99.05358093163865 99.18208502189248 96.61750865301045 94.77335390025029 98.40956633246022 103.1264928617904 106.41709044340264 100.56670783432234 92.95886716471665 104.43287938148931 102.98343389861748 0.0 105.82143770227836 95.16100973347196 101.7171940838171 98.12440609467009 108.03116937120129 99.63747887073853 97.92988146097495 95.68454770234622 93.49232292994978
102.02203515769952 103.35328996291138 97.36959839775577 102.40013737475068 102.9997392418342 91.63224117778998 92.19942840268243 99.70383455876461 101.40185203885349 92.88785161335987 102.22474553642513 96.78803277198912 91.95042335441717 98.70237062299061 92.19942840268243 98.68061659642973 107.12193272562037 97.84167103273974 103.23597399803032 98.71522342917335 97.36959839775577 104.20414457643341 102.33390365118208 92.31024876596398 95.90973246786427 108.03116937120129 100.56670783432234 101.63547750565736 99.20805752367055 98.5114219782084 101.39635407608989 100.32381605178088 94.45670222760735 91.83469654606297 93.04937752556702 102.40013737475068 96.78803277198912 91.82267716522212 102.39016872316606 92.19942840268243 105.82143770227836 0.0 92.95886716471665 104.03532555112368 107.35313325268606 102.1532636714852 95.16100973347196 96.19580342963597 93.85761592233341 101.73554435469222
101.32978685413826 106.64084292026966 103.58916459892686 102.92539776213836 98.48593511658324 95.3029555230695 106.41709044340264 100.31245985361818 101.73554435469222 93.95329673651554 99.11789650350386 99.12152548712115 99.98454006674402 93.293246055968 102.81581634671932 104.61635685378222 94.60063792859353 101.40185203885349 100.89647506748595 96.09116130426582 107.05377306958388 96.61750865301045 98.5114219782084 103.68308716541567 93.24240282757349 102.28846341237524 98.01045280258458 105.2119967052326 98.5114219782084 95.90272350686108 104.26423174781759 100.12338223470152 106.18566953295006 102.42285551176496 109.47584271171398 94.45670222760735 100.32632225848903 96.6269070506445 102.02203515769952 106.77276451779308 95.16100973347196 92.95886716471665 0.0 93.49232292994978 93.04937752556702 98.17680089061935 97.81157960405407 98.705472666793 97.77292752899653 99.54929148513601
93.9973800499106 92.41494336152735 91.63224117778998 95.31918083904884 104.37644369044095 99.20805752367055 102.49066926067624 92.95886716471665 96.19580342963597 105.82143770227836 98.12440609467009 93.04505306331806 103.1264928617904 102.96589471991365 97.77292752899653 103.54807194959656 99.98454006674402 104.26870594653083 110.45788303979029 101.63547750565736 92.19942840268243 88.54906164266853 98.5114219782084 100.48084056786391 99.65882861730879 102.40013737475068 103.68308716541567 98.08688465264528 97.12761852978576 89.20975783894819 102.81581634671932 96.03264794534853 95.90272350686108 104.03532555112368 99.20805752367055 108.03116937120129 106.18566953295006 102.53972955110335 103.58916459892686 84.49146978445708 101.7171940838171 104.03532555112368 93.49232292994978 0.0 96.6269070506445 93.8038392771176 100.92905625111128 95.65676307018117 98.70237062299061 97.05610580030388
