75
0.0 96.9186882166218 106.18778509192182 89.52018848760123 108.15182717142335 101.0442952064249 105.17589838892245 102.94817133178924 101.4201802063037 93.54665490776618 97.6971578124754 102.45688999191029 99.70689214056823 101.34166843155414 95.58267843227952 99.42259472829593 102.83461962302141 94.48677988492737 92.05442371610775 105.04917104026552 101.53118636811868 103.68250755798084 91.72687689224692 102.42393988487309 106.73770871867394 105.17589838892245 104.665079153674 105.59684854530019 99.97406493380592 104.08055455852829 99.92733074477903 98.44064511734744 102.58966974388406 97.53146612693284 94.59088171928758 103.67645072412706 96.9504383656587 101.4535250774194 96.90924821614863 104.81387377762987 104.121145742161 106.0732120366039 84.72331527039866 99.13038057888815 101.46767181974323 92.9845074914054 103.12710476178879 103.18150049616753 99.19242424739919 96.95703243363586 100.65808946534126 101.55342827538317 101.59881303497045 98.79419661721323 95.28625984501274 98.84445292331895 102.31998106109516 103.57406778101047 101.91193032645184 105.35481762634637 98.11573764073103 102.89348338883795 98.60937302565009 99.44755674839652 104.39553690703633 103.93142151595028 108.32424400643507 100.16409241636832 99.22735527434637 107.37107141897299 99.97317573122469 105.04917104026552 99.07661902617822 92.17887932464987 101.63868251169892
96.9186882166218 0.0 94.81959473414742 94.5443070869653 98.60005188809245 101.30646633971787 104.92236900946865 106.68168784756482 103.93782635119538 98.57784681853052 109.44041309084744 99.08282768632823 100.00821714377152 94.89470255549136 112.65526029601956 99.91834407742277 98.52403597436181 98.90958188568517 88.11273714992319 107.24019962284028 106.13346237480597 99.15588935216039 100.30481949086855 102.29512070279745 90.17247570083457 109.50963847177471 100.70622499393444 101.61729597036604 101.49268763990541 102.43437873169867 100.80022347543346 103.15996014570398 90.65662573595594 105.10423998084907 104.121145742161 100.3743880431421 93.20188802619958 112.90689879221988 109.121550587293 97.96212090497042 112.15805243663036 103.0193825324042 100.55524309125195 92.51119499448981 97.93630191287174 106.10344867111003 91.8731252090513 93.21896022672203 100.30856984427467 99.97317573122469 91.09377003359894 107.37107141897299 96.22644546763148 102.4900049947523 103.83735513138866 101.6499919195764 104.665079153674 99.22274200038673 95.66512611766889 95.28509383594401 106.19223063721849 97.51954680393078 101.42404479180074 96.80507190201907 88.28995897951833 94.28037035119924 100.73624086320464 95.41723841522222 99.2519953256177 95.85981809793819 100.7354369240709 95.99806523441092 88.11273714992319 96.40228939414983 97.47210953732852
106.18778509192182 94.81959473414742 0.0 102.49972645483035 106.18778509192182 104.09646730621277 104.67078663405101 91.25242989148434 101.43806459499137 94.92628634800714 99.24015719343095 95.04782739250604 104.08055455852829 96.61311108713574 94.31288822257359 96.823334694021 92.66190916954373 94.36246597650951 97.99215935301713 94.55399082504891 96.41490247720532 96.02558133828686 97.12348589338308 91.8731252090513 92.50691813825335 104.5966318157444 100.19361923413273 91.51461534428756 96.95703243363586 102.08938698764915 99.21554665082182 102.3328962005752 96.53710655504192 94.64554466766151 102.34667370383819 96.33479270587492 96.60212231832087 99.1893579309065 100.33673300172529 110.51788114353388 100.3743880431421 106.56827292467476 96.823334694021 89.53278532912915 106.42008948528277 96.42116969034959 97.31253454266393 91.85322032584 95.08057359422551 99.84816315174875 93.12039207239785 98.89602211618234 96.19786883586703 93.19837468152686 99.55125465238505 96.41129824436852 95.97196463636995 104.54130693929068 99.2426330774872 94.459563430773 99.24015719343095 100.03099983240786 99.60761489314821 105.86529055387318 99.81622084843465 99.98310217835545 105.8445623181998 94.58551869329418 104.15418022603025 95.66512611766889 96.41490247720532 98.40249753741192 99.61594946114009 99.58636606807559 102.82637014158864
89.52018848760123 94.5443070869653 102.49972645483035 0.0 98.82307636505682 101.85183328828883 104.81890134046434 102.85004964558044 106.10344867111003 97.72135212930034 104.54520286816944 95.24229710815878 106.41624927303421 98.84388737874185 105.2096530181799 108.48942961862936 105.09787912968724 104.34061982529985 105.86529055387318 107.24398801262201 103.83735513138866 103.29285390401274 103.23498133615577 99.1184454751297 99.34058237622132 97.20685297368455 99.74794712349481 102.63442868671207 94.28037035119924 106.88728053027275 92.66190916954373 96.30982720039852 95.93573959220844 101.97625720165288 95.85036885303722 107.87965694183679 99.54134713834387 97.14500571359898 97.00159752745924 103.33240437730059 104.39553690703633 97.71974984695045 97.7850632624604 99.5232743114816 98.66753730101348 98.51972212551269 92.47228726110114 98.64696142824292 97.76852391267067 99.81622084843465 89.8910981189984 97.19723212110064 99.0949444525885 100.33749405570823 99.97406493380592 95.87559967454874 94.64554466766151 103.25406099123451 99.70950869783617 93.65554629127844 99.05613587633765 102.87302757006528 97.23051221571164 100.70759718634667 98.51972212551269 109.72647972797512 105.35598772516063 109.41412778669132 103.00197197748278 97.98272429413753 105.35481762634637 103.23541788485363 92.76781232782855 97.9555824409775 93.54665490776618
108.15182717142335 98.60005188809245 106.18778509192182 98.82307636505682 0.0 103.01161443288788 106.0809805833037 104.60592151255612 99.32755907509107 91.90573952656896 92.23860549652827 107.99620431621804 100.97343188454623 101.73082932005225 99.22735527434637 106.20038852265917 102.58966974388406 112.18834635674166 114.90769437672262 99.946400737774 94.48677988492737 95.31790267226884 104.03143120147051 94.06126600136982 107.0703670310312 98.47112358080307 102.87013240020488 100.7885986280265 106.8694007943096 101.33981089772568 104.0732860151633 97.23869546847924 105.02308386317654 101.21184860697363 97.94152555573494 103.02960220107633 107.67988291649301 95.55541115007864 97.38050039080922 99.7898221185432 98.70654815169463 107.31777954497605 97.7850632624604 95.86891552736597 98.51972212551269 103.80560308007664 99.70689214056823 99.97406493380592 95.24229710815878 106.96103696005318 107.07840894612683 96.54137180295297 92.66190916954373 90.65662573595594 96.1261074133905 97.7850632624604 104.64499783377923 104.5770764002464 93.8829720561288 106.74228600809593 92.41470088639558 102.67211608214936 97.7362181804799 103.19130345115666 102.75533132586605 107.0872696340501 101.91193032645184 98.58778385282238 100.30698960612564 97.51605397371583 106.71175865370903 99.03833381150275 103.982113459397 97.76284202993058 104.81890134046434
101.0442952064249 101.30646633971787 104.09646730621277 101.85183328828883 103.01161443288788 0.0 106.74173194387761 92.13829565386297 106.1619447159192 88.85809696207654 106.90612357812408 95.9411293819859 97.41255983380184 94.41172328221961 97.20360610511148 102.40923404501609 100.70759718634667 94.86590053868059 101.69417450130135 95.88035048776156 99.42259472829593 99.1184454751297 103.5213970935955 89.8910981189984 98.0187820930851 103.15760898644807 107.37107141897299 99.58636606807559 91.25242989148434 96.40228939414983 95.87559967454874 99.98310217835545 94.31877411925306 103.93142151595028 98.11386201430055 99.15588935216039 96.9186882166218 102.38835730418421 98.76865504732274 97.76852391267067 101.4201802063037 95.99737016644502 97.97590630697177 103.982113459397 102.79449217411795 99.04556155700348 100.43419515397662 103.68250755798084 98.68445863474335 107.24398801262201 114.06794086027112 92.05442371610775 105.20401066427146 102.89428621380952 96.44533900465044 97.71633065831418 100.2953376955118 94.59088171928758 100.9099873278548 105.78818791866077 99.47137031715262 94.59088171928758 94.86590053868059 104.60592151255612 103.33240437730059 99.26118351330483 105.62850042245154 100.08111932812065 95.64256746333912 98.43718750209456 92.76781232782855 94.24759799920703 108.13261325748061 103.9011898524202 97.99850545519095
105.17589838892245 104.92236900946865 104.67078663405101 104.81890134046434 106.0809805833037 106.74173194387761 0.0 89.8910981189984 106.68168784756482 97.43201336621097 99.8346206012563 98.347313829107 96.94982946178385 100.99603983443687 91.92888763327797 96.90924821614863 101.18012328010491 99.05498311743567 97.517157725326 97.43201336621097 103.87118451522757 109.29702990844702 91.77859443411529 100.301085650115 95.21845020885505 101.1265982104451 95.01558514982673 103.38362597954504 106.73770871867394 111.68700487578548 111.30856891429832 104.40501324725662 100.301085650115 102.85783867996757 97.94152555573494 105.01572226938974 98.69979511139879 91.72687689224692 105.81508810296454 97.67762461650518 104.97039640232944 92.36650840699657 104.50099891598515 92.77103619773814 103.87118451522757 93.97220836171745 97.71974984695045 109.72647972797512 99.76607705663267 95.64256746333912 96.69781009170984 103.21138263387661 100.49956017707568 93.97220836171745 96.54137180295297 95.88035048776156 106.84919981072777 108.59451880397566 95.2814684765766 96.61311108713574 101.72785296604815 93.31455102237426 98.60806540021096 104.06728955542431 100.728904897594 91.09377003359894 103.92042494259441 99.1184454751297 108.36285085009106 103.9855639352634 108.80288802329048 97.54161255095329 93.81811758804098 101.46229040137455 90.20032216966496
102.94817133178924 106.68168784756482 91.25242989148434 102.85004964558044 104.60592151255612 92.13829565386297 89.8910981189984 0.0 104.40501324725662 107.32283333470347 101.25406807757209 99.96788098805597 102.6220762196789 100.33194366068886 103.21138263387661 94.66653144012729 97.78206398638493 106.41624927303421 103.83204637239592 92.86509048543414 96.19786883586703 91.94114466907331 94.27873521628315 103.25406099123451 95.9411293819859 95.87254749184793 104.16363116139802 87.93907719046034 95.64256746333912 99.15485107546249 91.51461534428756 104.72338915281024 100.33194366068886 98.23854005294443 100.6933324875269 103.52093082831234 102.83778759049234 99.13443950803891 97.32768925802806 105.20401066427146 94.4228828190132 97.77555237179054 103.10914018734621 108.63731879241993 100.09178986348039 98.50486905101643 100.6933324875269 94.92628634800714 102.62120233810317 102.56954589394398 107.15314450656446 90.13533608167009 105.20339754805593 104.5770764002464 97.77110320915439 104.81387377762987 101.0442952064249 100.60199383813044 112.0560022410642 97.17019939814095 104.66040718928045 104.91221817242021 91.98084023371656 111.01433078902113 99.33847817648264 98.20578132095243 96.90924821614863 100.42875511394875 100.09178986348039 90.27124644717976 98.82307636505682 105.73516835358181 90.60126599037726 102.69680092962 99.32633052153734
101.4201802063037 103.93782635119538 101.43806459499137 106.10344867111003 99.32755907509107 106.1619447159192 106.68168784756482 104.40501324725662 0.0 98.66524511483581 97.41255983380184 99.31861070933928 94.29174783827966 112.90689879221988 98.19570759137072 103.2422664865767 100.70622499393444 97.42436345368168 95.76098402954011 96.9186882166218 110.10485302186885 99.89690948874428 95.85036885303722 102.41665356170364 101.91193032645184 98.60005188809245 95.58267843227952 106.1475882296953 97.51954680393078 102.3328962005752 93.8829720561288 97.00192948821129 100.74173249307756 97.31261619850727 95.44529813542151 92.51806951421739 100.76425416306422 101.8348684565426 102.05529565062015 95.08057359422551 106.1619447159192 103.27489850840448 108.48942961862936 94.45935879337853 101.20430223138528 104.0732860151633 95.87977385854636 99.70950869783617 98.84445292331895 102.85783867996757 93.50528351645185 99.24015719343095 98.60589749557467 107.35129912327936 91.65649366183499 103.25589884685824 99.74748630700473 103.8247379746054 100.30698960612564 99.60688618825255 94.36246597650951 93.9740873518745 95.88035048776156 89.8910981189984 101.93121549166503 94.38255975678527 103.55044262017309 98.58778385282238 95.24229710815878 102.34576271761352 97.34411623796274 96.44006302808833 101.30646633971787 105.73516835358181 102.07753655860714
93.54665490776618 98.57784681853052 94.92628634800714 97.72135212930034 91.90573952656896 88.85809696207654 97.43201336621097 107.32283333470347 98.66524511483581 0.0 98.85869567868608 91.72359509729213 89.55119510657805 104.04563344486154 106.04308033513855 106.1475882296953 93.61355976831268 95.55828404116662 95.58267843227952 94.45935879337853 98.51972212551269 97.35332867286652 103.69679260950966 100.76425416306422 88.66687593797505 111.68700487578548 104.44080101326838 98.40959141984268 95.44529813542151 89.52018848760123 96.65287455456333 97.1752273442963 102.4787357852286 106.87418379008643 106.04308033513855 101.68086535287921 94.54381044533709 105.8445623181998 98.60806540021096 95.88035048776156 102.19891254396127 101.0864503431176 105.81508810296454 97.72455334205928 94.5341187988146 103.1403996530007 103.10914018734621 97.20675854543812 100.60199383813044 91.8593342707328 99.39650414188877 99.26118351330483 102.50657546706604 105.20045531446284 103.9037795817315 96.80602040614883 105.86529055387318 101.69417450130135 96.1261074133905 102.29413821707426 90.19984634418358 97.37534745387255 97.5560620376472 99.15588935216039 101.0864503431176 103.33240437730059 102.84236556034193 95.99737016644502 101.70872811241006 93.97220836171745 103.8247379746054 91.77859443411529 94.18153998576767 95.37475622746258 104.52506906673122
97.6971578124754 109.44041309084744 99.24015719343095 104.54520286816944 92.23860549652827 106.90612357812408 99.8346206012563 101.25406807757209 97.41255983380184 98.85869567868608 0.0 106.90612357812408 103.47435795248106 96.4517724961697 91.85322032584 93.8829720561288 104.50099891598515 93.78240951187443 101.20430223138528 104.14360684771353 95.28982332856759 108.59451880397566 100.00821714377152 100.17152043527065 91.72359509729213 93.12338804089264 96.54604152381127 103.30091341515384 100.03099983240786 100.69112347630988 96.50973949615454 93.8829720561288 97.20615077113246 98.35970662873251 103.6140217557344 99.8346206012563 104.83583505405583 98.28108877026153 97.56686723308839 101.4535250774194 111.19629351853894 100.67887736740248 94.19782824667085 90.27124644717976 103.72309643373663 108.71491788583282 101.33981089772568 103.30091341515384 98.58778385282238 97.32594897485555 104.12749985412752 103.18150049616753 98.39569832576312 99.7898221185432 103.33240437730059 97.67762461650518 100.99603983443687 100.11330483492513 106.47040594358357 97.42436345368168 96.30982720039852 88.11273714992319 108.71491788583282 89.57008504557778 91.77859443411529 97.50691526321657 99.32633052153734 98.03470517270684 102.11673414442254 97.77110320915439 99.51478680306099 101.46229040137455 101.56505405985126 99.22521829916852 94.68841716682188
102.45688999191029 99.08282768632823 95.04782739250604 95.24229710815878 107.99620431621804 95.9411293819859 98.347313829107 99.96788098805597 99.31861070933928 91.72359509729213 106.90612357812408 0.0 102.79449217411795 98.56172921594117 93.18870695646329 99.22274200038673 107.24019962284028 98.40959141984268 108.80288802329048 96.06870179472877 100.8541225391662 97.42436345368168 106.00262107532488 91.25242989148434 92.8962096937822 97.35332867286652 99.93210214679826 97.72455334205928 89.88559516642188 93.24312344542354 99.1184454751297 107.07840894612683 96.34979133208437 101.40720410004822 106.1619447159192 97.37534745387255 97.63523034988593 111.30856891429832 97.6971578124754 100.7885986280265 93.22487875535514 99.13973640499204 103.24239720372731 100.21175631966956 102.05529565062015 97.99850545519095 94.44964832706152 103.55044262017309 104.84266722013335 93.97220836171745 106.47040594358357 98.06126204870908 102.0803910369604 96.58428084958403 112.18834635674166 95.04782739250604 104.43736774883615 102.29487526492916 103.68250755798084 95.1563514405417 103.2422664865767 104.12749985412752 111.46599553154667 95.41723841522222 96.42468541691034 96.58428084958403 99.13443950803891 100.33749405570823 100.52484788910502 103.64427040893267 89.08956442546801 102.1433384225451 104.68953435002032 91.90573952656896 104.60592151255612
99.70689214056823 100.00821714377152 104.08055455852829 106.41624927303421 100.97343188454623 97.41255983380184 96.94982946178385 102.6220762196789 94.29174783827966 89.55119510657805 103.47435795248106 102.79449217411795 0.0 99.2519953256177 103.10914018734621 100.60484063522026 99.5036774621472 99.0606548455827 96.48838561039939 92.49012750426905 96.06870179472877 95.76763434998313 103.48661515632222 97.75173409156615 97.7362181804799 94.74085093870771 102.95189911999128 97.42542013157286 94.31288822257359 104.09646730621277 103.0193825324042 94.66653144012729 101.6763957704281 94.31288822257359 106.25413036646601 98.18736363245884 96.06397727719556 102.0602514141904 109.29702990844702 105.83991469494744 96.08589949263968 92.25845818691003 95.61667532086793 96.42116969034959 101.29730691109117 107.67559386193486 101.59881303497045 104.91221817242021 107.67559386193486 99.04556155700348 102.29512070279745 98.35816665060109 103.6365364993043 104.81387377762987 96.01882532668077 98.44064511734744 95.99806523441092 100.67887736740248 92.23860549652827 105.28076086683306 101.8642622363293 111.19629351853894 112.15805243663036 98.0537348800615 100.33749405570823 109.72647972797512 98.64696142824292 104.00199962121226 103.795865584182 103.15996014570398 98.11386201430055 101.85183328828883 96.823334694021 106.66984948504125 110.51788114353388
101.34166843155414 94.89470255549136 96.61311108713574 98.84388737874185 101.73082932005225 94.41172328221961 100.99603983443687 100.33194366068886 112.90689879221988 104.04563344486154 96.4517724961697 98.56172921594117 99.2519953256177 0.0 99.946400737774 95.24229710815878 102.18302427188716 94.59088171928758 94.54381044533709 102.0602514141904 106.0809805833037 104.0732860151633 99.2426330774872 98.76865504732274 100.30856984427467 99.8346206012563 102.995689758092 105.20339754805593 103.47435795248106 99.63595171632315 108.28085878183519 98.47112358080307 100.33194366068886 93.81811758804098 102.65014877742902 100.63244568579564 96.89278727993582 99.03629342426701 102.34667370383819 97.53096098368479 104.40501324725662 97.80301039079322 97.71633065831418 109.12538797426244 99.1893579309065 103.34898352968592 103.4270072486396 88.63989425184937 94.86767613146539 98.20578132095243 105.2096530181799 91.5560335572932 95.97196463636995 97.63523034988593 97.27683209281989 106.72847054059487 99.19518695772457 91.8593342707328 105.20339754805593 97.24523009797937 104.25029096403658 101.8348684565426 100.67887736740248 103.8247379746054 104.43736774883615 94.5341187988146 98.04075715409945 104.08055455852829 102.99993470534547 104.76915194884296 103.12710476178879 96.69781009170984 107.04670845311561 102.11673414442254 87.2269939502471
95.58267843227952 112.65526029601956 94.31288822257359 105.2096530181799 99.22735527434637 97.20360610511148 91.92888763327797 103.21138263387661 98.19570759137072 106.04308033513855 91.85322032584 93.18870695646329 103.10914018734621 99.946400737774 0.0 106.96103696005318 105.28076086683306 94.89206997397804 97.99215935301713 97.77025406316224 107.77561084871054 92.66190916954373 92.62966922859215 100.59900231785342 100.301085650115 99.13904479914643 101.15252231252184 104.54130693929068 100.76425416306422 101.55342827538317 97.32517286349061 93.56895888572137 91.90573952656896 87.93907719046034 102.40923404501609 98.84445292331895 94.55399082504891 103.34898352968592 103.18150049616753 94.01904619598722 109.41412778669132 101.93121549166503 100.88650296982387 97.50691526321657 109.50963847177471 95.99806523441092 96.69781009170984 110.80888943378399 96.54137180295297 100.63337195636477 98.90800101182376 98.1640576688095 104.30256574993058 99.48369380574663 97.54161255095329 96.80507190201907 99.55125465238505 99.71603269639164 99.8346206012563 99.1893579309065 92.13829565386297 96.823334694021 93.50528351645185 97.17019939814095 98.88656211621772 107.21651651052363 97.75173409156615 102.995689758092 99.59079757197601 99.4148462269647 99.21528865312476 98.85869567868608 94.06126600136982 103.982113459397 92.51806951421739
99.42259472829593 99.91834407742277 96.823334694021 108.48942961862936 106.20038852265917 102.40923404501609 96.90924821614863 94.66653144012729 103.2422664865767 106.1475882296953 93.8829720561288 99.22274200038673 100.60484063522026 95.24229710815878 106.96103696005318 0.0 105.635630045863 101.46580705928837 90.53990183122686 105.59684854530019 111.63188911494814 103.89027645225711 99.74794712349481 95.33832556966865 104.5770764002464 107.04670845311561 107.99620431621804 99.0701475212967 102.73740005195648 97.54230800829522 97.96212090497042 96.50973949615454 98.14532938636907 88.66687593797505 101.01470208811277 91.5560335572932 93.65554629127844 104.54130693929068 89.8910981189984 104.40501324725662 102.29487526492916 96.45441724840302 95.51381875706139 105.1825810838618 96.53710655504192 104.2347177624044 104.52506906673122 95.88310382519302 111.00600515233617 101.69417450130135 96.06397727719556 103.52277123278898 98.52403597436181 94.38255975678527 110.51788114353388 97.98272429413753 101.40720410004822 103.69679260950966 107.37330322477202 96.41129824436852 109.23830112022645 99.0701475212967 98.64696142824292 99.9877744639749 105.01572226938974 99.21528865312476 101.18619091605339 95.90034116949244 92.51119499448981 100.79908677192718 107.87965694183679 102.9601943204416 100.42262554240696 106.40813640747945 101.30336776706793
102.83461962302141 98.52403597436181 92.66190916954373 105.09787912968724 102.58966974388406 100.70759718634667 101.18012328010491 97.78206398638493 100.70622499393444 93.61355976831268 104.50099891598515 107.24019962284028 99.5036774621472 102.18302427188716 105.28076086683306 105.635630045863 0.0 93.54665490776618 96.06397727719556 102.40923404501609 104.94553837940335 92.8962096937822 93.61355976831268 95.9411293819859 95.33926036976007 103.23941651230406 91.66908163917871 102.0803910369604 106.41624927303421 89.55119510657805 106.66984948504125 97.67762461650518 91.90573952656896 93.31230842734522 98.19570759137072 100.39027266156413 106.72847054059487 98.98919070329076 98.19570759137072 92.66190916954373 98.60611529072555 100.12342193556574 100.82752138279982 106.74173194387761 92.49012750426905 97.80301039079322 109.63777207579342 107.15314450656446 97.56686723308839 105.59108734034308 107.77581456816765 98.84445292331895 102.0803910369604 98.89758266980354 99.44755674839652 99.33847817648264 100.21058613298844 98.67533238585648 98.0187820930851 103.68250755798084 100.09178986348039 97.18158447408386 100.63337195636477 103.52093082831234 94.86511003644122 96.82424418640588 102.08858213212184 102.90559543394572 109.88252433770415 103.69679260950966 97.24628749535852 97.77110320915439 100.03156036250867 102.90559543394572 102.8043686360305
94.48677988492737 98.90958188568517 94.36246597650951 104.34061982529985 112.18834635674166 94.86590053868059 99.05498311743567 106.41624927303421 97.42436345368168 95.55828404116662 93.78240951187443 98.40959141984268 99.0606548455827 94.59088171928758 94.89206997397804 101.46580705928837 93.54665490776618 0.0 102.0767721908964 97.20615077113246 100.49956017707568 87.93907719046034 100.3743880431421 101.55342827538317 100.51741077996998 94.86767613146539 101.56505405985126 104.66040718928045 106.48211359879446 112.16624121193617 97.77110320915439 96.54604152381127 95.8535678519266 93.20188802619958 100.99603983443687 96.54604152381127 101.84433454508994 101.53961959667375 92.82619673578645 97.33296171811719 105.57423464990373 101.95782837468747 96.80602040614883 107.86403290831296 98.75658397718614 99.31153639630756 97.51605397371583 97.7362181804799 102.98790475825272 101.46229040137455 104.00199962121226 99.71603269639164 100.9099873278548 97.11530205985979 105.00271284578592 99.44755674839652 89.35848283251562 102.55743911032395 101.53118636811868 97.56686723308839 99.24015719343095 84.72331527039866 101.43806459499137 107.77561084871054 99.71264260255344 104.03143120147051 97.00159752745924 101.42404479180074 101.60552724447237 106.8694007943096 91.7069504739619 97.90199215056509 107.35129912327936 96.823334694021 106.00262107532488
92.05442371610775 88.11273714992319 97.99215935301713 105.86529055387318 114.90769437672262 101.69417450130135 97.517157725326 103.83204637239592 95.76098402954011 95.58267843227952 101.20430223138528 108.80288802329048 96.48838561039939 94.54381044533709 97.99215935301713 90.53990183122686 96.06397727719556 102.0767721908964 0.0 97.53146612693284 92.05808993238936 95.88310382519302 98.70438793456412 104.64499783377923 93.88099184136388 96.33479270587492 103.01254582989093 104.10700833195463 102.84236556034193 99.60688618825255 93.66352199786304 99.13574245632415 98.21060390293516 100.43419515397662 98.30502624207072 99.13038057888815 103.5213970935955 94.459563430773 99.51478680306099 102.18302427188716 99.78963168306784 98.64696142824292 108.42850821430393 99.55125465238505 93.12338804089264 99.44755674839652 94.54381044533709 95.21845020885505 92.05808993238936 106.91169965687071 100.70622499393444 109.50963847177471 101.80918329687113 114.06794086027112 99.19586038486611 102.59186962115005 101.72948148964463 99.32633052153734 99.21528865312476 100.32785311072287 87.93907719046034 95.9388783348263 96.4517724961697 96.01893948994055 100.33194366068886 97.26322395846952 93.21896022672203 97.96998041499202 99.63595171632315 99.22521829916852 92.13829565386297 104.16363116139802 102.29487526492916 98.45505985711091 94.81959473414742
105.04917104026552 107.24019962284028 94.55399082504891 107.24398801262201 99.946400737774 95.88035048776156 97.43201336621097 92.86509048543414 96.9186882166218 94.45935879337853 104.14360684771353 96.06870179472877 92.49012750426905 102.0602514141904 97.77025406316224 105.59684854530019 102.40923404501609 97.20615077113246 97.53146612693284 0.0 100.88650296982387 97.98272429413753 111.00600515233617 95.81817604154561 103.1403996530007 95.86440347095427 100.11330483492513 100.15346898136737 100.97343188454623 94.97248521469722 96.50945076326303 96.42258127749609 99.97317573122469 102.34667370383819 101.72785296604815 97.26621967671225 96.9186882166218 100.3743880431421 99.21554665082182 104.64499783377923 107.24019962284028 102.95189911999128 95.67876050815836 106.48211359879446 95.29813058595325 99.97317573122469 101.51753560684027 96.02797640110377 91.4545422011894 102.49824031092389 95.55541115007864 101.79488312733196 101.79488312733196 97.98272429413753 98.76865504732274 97.53146612693284 101.96961718626692 89.40232361004432 100.55013281070806 101.12148409201133 91.29749885255134 99.1893579309065 93.18870695646329 104.34061982529985 97.42542013157286 98.62680850562796 98.71902679011545 93.09940196492549 99.92733074477903 100.17152043527065 102.83778759049234 92.77103619773814 97.26621967671225 97.72135212930034 104.6574895709648
101.53118636811868 106.13346237480597 96.41490247720532 103.83735513138866 94.48677988492737 99.42259472829593 103.87118451522757 96.19786883586703 110.10485302186885 98.51972212551269 95.28982332856759 100.8541225391662 96.06870179472877 106.0809805833037 107.77561084871054 111.63188911494814 104.94553837940335 100.49956017707568 92.05808993238936 100.88650296982387 0.0 94.41172328221961 112.30440701673612 106.40813640747945 96.89278727993582 99.6189659577925 98.60005188809245 95.24213873844467 94.291429151139 99.74748630700473 97.38050039080922 106.00262107532488 96.18500055717851 95.86891552736597 101.1387583273207 105.20339754805593 97.76514214944606 99.29061811299162 87.2269939502471 103.21138263387661 103.8247379746054 102.18302427188716 96.40228939414983 97.99850545519095 93.38212218329582 101.56505405985126 111.82109091924102 93.61355976831268 92.6109937238478 97.11554593585284 102.1673843144815 103.57406778101047 95.38363443951792 114.48013810750192 106.2043446203586 103.30091341515384 108.13261325748061 103.25589884685824 98.55650188764967 101.29730691109117 90.13533608167009 96.93733388187681 97.18158447408386 102.08858213212184 99.21528865312476 107.24398801262201 92.05808993238936 98.62680850562796 100.30856984427467 94.29174783827966 96.06870179472877 96.18500055717851 96.12661996340265 99.58636606807559 111.63188911494814
103.68250755798084 99.15588935216039 96.02558133828686 103.29285390401274 95.31790267226884 99.1184454751297 109.29702990844702 91.94114466907331 99.89690948874428 97.35332867286652 108.59451880397566 97.42436345368168 95.76763434998313 104.0732860151633 92.66190916954373 103.89027645225711 92.8962096937822 87.93907719046034 95.88310382519302 97.98272429413753 94.41172328221961 0.0 102.49824031092389 101.46767181974323 91.92888763327797 104.92236900946865 94.4228828190132 103.83204637239592 92.36650840699657 97.32594897485555 106.8694007943096 97.32517286349061 97.77110320915439 112.18834635674166 97.7384549090694 101.09562717378458 103.92042494259441 113.85797929418615 99.9877744639749 102.6220762196789 103.64427040893267 96.2065122111778 98.14532938636907 97.97299196017431 102.95790880621081 103.8247379746054 109.50963847177471 102.995689758092 100.79908677192718 96.00727487548583 102.42393988487309 97.22364880312243 93.97220836171745 100.37272881416324 93.9740873518745 97.04640188710876 99.55125465238505 97.26322395846952 105.93407335751763 100.39383101566202 113.85797929418615 94.90165200082608 103.47435795248106 98.98868019808981 102.42785092270418 107.0703670310312 100.9099873278548 97.54230800829522 104.78927999970011 101.56505405985126 96.02797640110377 104.5770764002464 88.44131719051857 95.27877589277554 95.2814684765766
91.72687689224692 100.30481949086855 97.12348589338308 103.23498133615577 104.03143120147051 103.5213970935955 91.77859443411529 94.27873521628315 95.85036885303722 103.69679260950966 100.00821714377152 106.00262107532488 103.48661515632222 99.2426330774872 92.62966922859215 99.74794712349481 93.61355976831268 100.3743880431421 98.70438793456412 111.00600515233617 112.30440701673612 102.49824031092389 0.0 96.22644546763148 90.27124644717976 108.80288802329048 96.2065122111778 96.82424418640588 99.15485107546249 97.42542013157286 96.65287455456333 89.02407309696187 105.7972907543623 98.09019575833972 100.42875511394875 95.05600465013784 107.04670845311561 107.51246355948194 89.08956442546801 97.60569985280146 111.19629351853894 94.81959473414742 103.34898352968592 99.77506336417981 95.28982332856759 104.92236900946865 94.55399082504891 104.91221817242021 96.1261074133905 106.36585268564176 91.83036406831084 101.61729597036604 94.90165200082608 99.80284842348826 99.61594946114009 106.17219241163197 96.58428084958403 103.27489850840448 101.63324733186928 115.81144890320851 91.24172576463066 102.31998106109516 94.86767613146539 94.58551869329418 101.34166843155414 98.48260682859532 89.57008504557778 99.08282768632823 105.28076086683306 98.84081288653078 101.82143658728859 99.4148462269647 101.6499919195764 97.62007499755285 108.71491788583282
102.42393988487309 102.29512070279745 91.8731252090513 99.1184454751297 94.06126600136982 89.8910981189984 100.301085650115 103.25406099123451 102.41665356170364 100.76425416306422 100.17152043527065 91.25242989148434 97.75173409156615 98.76865504732274 100.59900231785342 95.33832556966865 95.9411293819859 101.55342827538317 104.64499783377923 95.81817604154561 106.40813640747945 101.46767181974323 96.22644546763148 0.0 101.09562717378458 102.41665356170364 94.18153998576767 102.85783867996757 98.90800101182376 98.29236065573072 100.70130493645375 98.60937302565009 109.121550587293 87.50650717671216 103.1182144259528 101.17385238277056 98.54622511283453 100.17152043527065 94.90165200082608 100.75950921611667 98.67533238585648 104.36960100244514 97.37534745387255 93.95194925656125 94.86767613146539 104.54520286816944 97.31261619850727 94.41172328221961 99.19242424739919 107.37330322477202 109.72647972797512 109.96846510807828 97.23051221571164 105.79471225522869 100.49956017707568 90.19984634418358 104.39553690703633 99.19586038486611 102.7748224225073 95.76763434998313 104.1390830757275 103.27489850840448 100.61575278582164 100.88650296982387 98.18736363245884 89.88559516642188 95.55541115007864 98.62680850562796 112.90689879221988 100.83270463578123 106.87300540481309 97.35332867286652 104.28375150367026 99.94858297960715 99.13574245632415
106.73770871867394 90.17247570083457 92.50691813825335 99.34058237622132 107.0703670310312 98.0187820930851 95.21845020885505 95.9411293819859 101.91193032645184 88.66687593797505 91.72359509729213 92.8962096937822 97.7362181804799 100.30856984427467 100.301085650115 104.5770764002464 95.33926036976007 100.51741077996998 93.88099184136388 103.1403996530007 96.89278727993582 91.92888763327797 90.27124644717976 101.09562717378458 0.0 103.01254582989093 101.59739221123951 100.74173249307756 98.2992719568841 108.63731879241993 100.09996919271754 90.2850929324658 102.93105612369854 96.82424418640588 92.66190916954373 97.77025406316224 106.71175865370903 89.88559516642188 97.7850632624604 97.20675854543812 99.26118351330483 91.4545422011894 99.58636606807559 99.22274200038673 94.68841716682188 105.93407335751763 95.9388783348263 98.35816665060109 99.39650414188877 99.23598192382794 103.1182144259528 102.0767721908964 94.9515070266292 109.121550587293 94.36246597650951 103.75170901153318 97.76852391267067 93.22487875535514 105.88783804013728 93.95194925656125 95.33926036976007 97.6155298770713 97.26322395846952 105.2096530181799 101.30248507614961 96.93733388187681 97.18158447408386 101.08471386478686 103.02960220107633 99.09327164469312 108.94931692200595 97.9555824409775 94.39001231039886 106.36585268564176 92.39193792618272
105.17589838892245 109.50963847177471 104.5966318157444 97.20685297368455 98.47112358080307 103.15760898644807 101.1265982104451 95.87254749184793 98.60005188809245 111.68700487578548 93.12338804089264 97.35332867286652 94.74085093870771 99.8346206012563 99.13904479914643 107.04670845311561 103.23941651230406 94.86767613146539 96.33479270587492 95.86440347095427 99.6189659577925 104.92236900946865 108.80288802329048 102.41665356170364 103.01254582989093 0.0 92.77103619773814 94.18153998576767 105.28076086683306 93.65843714786384 101.01470208811277 95.6636709560051 84.72331527039866 104.44080101326838 105.10240667293589 96.44533900465044 92.95806331279287 99.19586038486611 96.34979133208437 107.37580126524874 108.42850821430393 96.38498791824524 96.34979133208437 91.85322032584 103.93782635119538 97.37967205958688 104.95319820055956 101.53961959667375 100.37272881416324 106.72847054059487 102.19891254396127 104.15740485236326 96.19786883586703 98.48260682859532 102.34576271761352 103.4270072486396 101.12148409201133 100.3244883165658 96.42116969034959 92.05442371610775 104.72338915281024 97.14837922998638 112.33586716260797 98.0537348800615 102.08938698764915 102.26543820634623 92.25997225244927 97.98272429413753 98.79419661721323 102.46050338756228 101.03039756738106 101.63324733186928 98.19570759137072 89.40232361004432 91.90337109005378
104.665079153674 100.70622499393444 100.19361923413273 99.74794712349481 102.87013240020488 107.37107141897299 95.01558514982673 104.16363116139802 95.58267843227952 104.44080101326838 96.54604152381127 99.93210214679826 102.95189911999128 102.995689758092 101.15252231252184 107.99620431621804 91.66908163917871 101.56505405985126 103.01254582989093 100.11330483492513 98.60005188809245 94.4228828190132 96.2065122111778 94.18153998576767 101.59739221123951 92.77103619773814 0.0 89.8910981189984 99.91834407742277 105.23513511267039 103.67645072412706 91.41067189195635 90.20032216966496 106.74173194387761 102.18302427188716 95.51381875706139 103.42320200385956 105.04917104026552 102.48242007488915 99.13574245632415 103.01254582989093 97.60569985280146 102.85783867996757 93.31230842734522 101.6306075439806 99.71603269639164 94.15948323138782 99.19242424739919 95.58976837407535 103.5213970935955 94.27873521628315 89.55119510657805 100.99286236097372 99.67815718282912 97.26621967671225 95.01558514982673 99.39650414188877 94.57280916546883 99.19518695772457 101.0442952064249 96.56956017764699 101.46229040137455 102.6220762196789 91.72359509729213 94.291429151139 101.21184860697363 103.89027645225711 111.82109091924102 103.1403996530007 99.40125056395524 97.99215935301713 95.88035048776156 91.8731252090513 101.37360894320662 101.82143658728859
105.59684854530019 101.61729597036604 91.51461534428756 102.63442868671207 100.7885986280265 99.58636606807559 103.38362597954504 87.93907719046034 106.1475882296953 98.40959141984268 103.30091341515384 97.72455334205928 97.42542013157286 105.20339754805593 104.54130693929068 99.0701475212967 102.0803910369604 104.66040718928045 104.10700833195463 100.15346898136737 95.24213873844467 103.83204637239592 96.82424418640588 102.85783867996757 100.74173249307756 94.18153998576767 89.8910981189984 0.0 104.02518057360851 109.05823025303745 93.18870695646329 109.12538797426244 98.80639349538887 100.42262554240696 102.60367142963601 97.90199215056509 98.54622511283453 97.94428558434721 103.10562539549375 98.40249753741192 100.97343188454623 93.97220836171745 98.11386201430055 100.21175631966956 97.24523009797937 90.2850929324658 92.9845074914054 112.65526029601956 96.48838561039939 99.946400737774 98.88656211621772 95.33832556966865 102.1673843144815 99.51478680306099 98.09019575833972 103.2422664865767 99.23500245739841 95.24213873844467 102.45688999191029 102.89348338883795 97.17019939814095 103.15587694582382 102.49972645483035 94.06126600136982 101.63868251169892 100.21206807768947 107.32283333470347 91.94114466907331 111.19629351853894 101.21648411340215 94.45935879337853 97.71633065831418 103.6365364993043 98.70438793456412 101.01470208811277
99.97406493380592 101.49268763990541 96.95703243363586 94.28037035119924 106.8694007943096 91.25242989148434 106.73770871867394 95.64256746333912 97.51954680393078 95.44529813542151 100.03099983240786 89.88559516642188 94.31288822257359 103.47435795248106 100.76425416306422 102.73740005195648 106.41624927303421 106.48211359879446 102.84236556034193 100.97343188454623 94.291429151139 92.36650840699657 99.15485107546249 98.90800101182376 98.2992719568841 105.28076086683306 99.91834407742277 104.02518057360851 0.0 92.41805598208468 90.2850929324658 115.81144890320851 108.9397835029519 98.29236065573072 104.5515060510098 105.9339941896802 100.76425416306422 95.06301521107042 103.69679260950966 96.44006302808833 102.995689758092 97.24628749535852 99.29349428071002 96.39662701706872 98.66524511483581 98.44064511734744 108.32424400643507 100.97343188454623 95.76098402954011 97.8361802220694 103.25406099123451 98.16223688234409 100.63337195636477 100.99603983443687 95.82390833007476 101.62800021796136 101.1265982104451 95.28982332856759 103.9037795817315 102.29413821707426 98.84081288653078 98.68445863474335 94.74085093870771 98.2992719568841 94.41172328221961 106.74228600809593 98.09019575833972 100.3244883165658 106.91169965687071 99.60761489314821 96.4517724961697 99.5036774621472 96.82854589508739 105.83832235417698 97.7384549090694
