100
0.0 93.4100702819426 103.005744940534 104.93264610573003 91.38499855919018 96.02557238298151 103.06346915738663 102.54707975610003 95.1581513218002 103.21419646559048 104.84080997525831 92.98596310251972 101.0539977363902 91.20838865015611 105.72329379297554 99.11759718968817 94.55674557369657 100.87130787569781 97.78226408103461 87.86065895807445 107.80984378487693 96.68911112433867 96.87222020921644 98.08028663465383 103.65020610899803 103.13580415681514 96.64418557721277 100.0456702398567 100.43276740217088 104.69948992105608 94.7154852926438 105.20999865970043 106.65229683873996 93.05209863849251 92.52860150466333 100.42030874031273 103.83622865337587 99.0959179157958 91.38499855919018 102.01710732571243 99.04276433766631 105.91298290113288 104.02927159481646 102.5958196720791 112.40746516075725 95.728281132424 90.75160035412233 102.61049293480663 101.60561713940665 100.09756836227493 99.83855046292292 98.2892351947961 99.0959179157958 95.49185080687487 106.10683996317012 98.76599697553642 99.57748774128198 105.16457773198208 100.07236007711575 106.2171614659125 103.32059335228635 98.7949797900059 103.39153868144363 101.70719846977612 100.68779790786134 92.64827092468941 110.68100716747257 94.60156574431505 96.86786859510272 106.58170600942152 98.88073745770323 92.59506841757235 96.47038225264502 102.61049293480663 96.73551168921742 89.7759029406288 99.0959179157958 96.06804687146254 111.95575318515554 88.28052353902117 111.8628454519245 104.36783761923938 106.90698267457172 96.95016387990582 95.19202101412017 103.32059335228635 107.16293003000409 100.21532659905374 96.16364078315496 105.43284192720814 107.32057615598835 105.40393273846234 100.43276740217088 99.28864685348815 108.27292265753636 101.85357703029679 100.69132487053417 98.23491909638636 95.98364780612812 100.29976370141776
93.4100702819426 0.0 94.24103041105761 105.20999865970043 101.5266954423458 96.86484517499777 92.77012990795922 91.384566006449 96.35256236557153 99.8591476401191 95.7125239013082 100.80170020006025 100.07236007711575 109.39975124925185 98.20916997377842 94.55674557369657 101.85438112570674 110.88415233226654 108.31136682434001 95.88844632395089 106.29631012714387 99.13981500261428 97.06511037468073 103.005744940534 105.40594202033387 92.38941851775317 105.820721391934 102.99949558080037 96.55273337718003 109.39975124925185 91.384566006449 102.48254409348317 98.32900844954521 101.0539977363902 111.04525938751479 101.06457870719686 89.3461602574113 110.68100716747257 104.63605535175557 93.24708892060134 96.31760365701997 95.84809889269958 94.15265022037154 100.68779790786134 95.49185080687487 106.94765182585269 104.55435936115794 96.2941861145668 96.86786859510272 101.34953588031689 100.80170020006025 90.69275881808726 95.33071080816785 105.43208655153404 101.10201871835395 97.48605958496056 96.86484517499777 102.2580324785657 100.38057401598336 97.01500264630612 102.94438917375426 96.95016387990582 101.60561713940665 99.10740424427344 96.46292874222961 102.40352200424212 95.24695508802623 110.80356449663091 102.87556718650575 98.23491909638636 100.6166185459196 107.16293003000409 100.22215450186363 106.26278096723684 96.64418557721277 98.68313359629896 102.48254409348317 109.61515636757223 98.18546468479877 102.98478105631295 100.6166185459196 104.55435936115794 100.817273826054 101.46417744413259 97.6601249274802 101.60561713940665 95.97354361655115 99.07934426923418 101.80848807089394 104.63605535175557 90.15916488810814 101.78001636048023 100.49886471891263 91.52993022645853 103.39153868144363 94.60156574431505 101.10201871835395 105.57750196600495 100.6166185459196 95.28012707374737
103.005744940534 94.24103041105761 0.0 102.39322599871495 99.0959179157958 95.24779386119046 111.04525938751479 95.08569182908909 92.24574677905345 103.94361491864126 96.90966170421773 100.49886471891263 103.65020610899803 94.24693805079991 114.80711795068619 101.30126566025449 100.80003411587475 99.8591476401191 100.70190872148258 102.01277827250782 91.45233044916921 106.56180134593569 101.78941485983687 93.22504505975608 99.6231458703642 104.88243655148834 102.83900532971484 101.06123095571658 106.65229683873996 105.20999865970043 96.31760365701997 106.36153835282268 103.31993806697778 102.48254409348317 100.07236007711575 93.65635288208144 102.83900532971484 99.02155029183967 91.49540948638077 100.38057401598336 98.87875054977951 104.53549623744453 103.14014842902142 100.49886471891263 103.31993806697778 106.5820773316491 102.98478105631295 102.28473026727325 101.0539977363902 89.16772439141178 101.70719846977612 89.3461602574113 91.39035741229851 102.28473026727325 95.16047071202081 104.93466692293472 98.64292306263192 95.14887828641069 108.7958146055545 105.40393273846234 101.06457870719686 102.81305367308454 98.17984434261935 93.65635288208144 111.95575318515554 89.7759029406288 105.820721391934 98.64292306263192 92.4843702890083 103.79617261197895 106.94765182585269 104.74745338738464 104.25551746760652 96.46292874222961 110.75118030968761 101.80848807089394 102.26917662028782 108.09074968788872 100.01986229111465 105.83221008096828 105.85938778335627 110.07576301670815 107.80984378487693 112.40746516075725 97.67403141780002 103.31993806697778 101.06123095571658 100.23886027476193 107.85665832484248 103.06346915738663 95.728281132424 101.71093996513306 104.74745338738464 97.78226408103461 105.40393273846234 112.67652993333816 100.42030874031273 108.31136682434001 96.87222020921644 93.65635288208144
104.93264610573003 105.20999865970043 102.39322599871495 0.0 112.96222044249619 102.50472163182062 99.0959179157958 100.42188911288166 100.57423333777496 103.79617261197895 95.88844632395089 99.6231458703642 107.16293003000409 99.56970823169986 105.74341178589737 102.01277827250782 111.80709240640743 110.83374836618118 102.39322599871495 110.80356449663091 111.80709240640743 108.09074968788872 95.52365286173254 95.19202101412017 105.25810124316145 94.60540990505534 95.24779386119046 99.08879056748931 106.5820773316491 95.21050128279336 96.31760365701997 92.98596310251972 100.80424194455466 102.50472163182062 102.5958196720791 96.21888623945183 102.01277827250782 100.29976370141776 105.43208655153404 106.10683996317012 96.04428349045543 96.42282425474181 104.52759666047143 98.38451154832981 102.81305367308454 102.81129280111821 110.83374836618118 102.63639936860571 100.2823715799273 93.65635288208144 91.49540948638077 106.2171614659125 109.61515636757223 106.1873368660703 102.27656318507748 96.64418557721277 98.04736665075414 96.86484517499777 101.31271989951712 103.77644730180586 95.98364780612812 102.63639936860571 96.68911112433867 94.7731225382353 101.03684605075684 106.20982362790147 106.90698267457172 95.25753448467891 102.87556718650575 102.28563968616126 100.4208358313172 96.86484517499777 99.2218496054481 94.11247699518594 89.16772439141178 95.88844632395089 103.27657512184305 97.95771613995105 101.18778967523832 100.68779790786134 93.6186166958157 103.39153868144363 98.88073745770323 108.52202450968747 94.59503017992338 94.24693805079991 100.817273826054 93.65635288208144 96.06804687146254 111.95575318515554 96.47038225264502 100.0456702398567 104.12565649235516 100.1230811044082 111.8628454519245 99.7920653192637 88.28052353902117 101.62176651531034 96.86786859510272 104.07787539742745
91.38499855919018 101.5266954423458 99.0959179157958 112.96222044249619 0.0 100.70190872148258 104.31143103438598 96.64418557721277 94.60156574431505 101.22414278390575 98.43911316834831 100.1169384251459 99.08879056748931 101.03684605075684 95.24695508802623 102.39322599871495 96.64418557721277 90.08338224396607 112.67652993333816 101.78001636048023 106.90698267457172 95.728281132424 94.55674557369657 101.06123095571658 105.91298290113288 103.35740152694123 104.12565649235516 105.16457773198208 98.22496499765222 99.93719192235156 104.12565649235516 100.68779790786134 90.69275881808726 100.1230811044082 100.42030874031273 106.10683996317012 103.76868902476446 100.817273826054 103.45582640836291 96.2175178275318 99.19150364149287 104.31143103438598 100.10154911368792 89.7759029406288 99.57748774128198 99.49634467309096 99.39594231499132 99.13981500261428 96.31760365701997 94.11247699518594 101.22414278390575 103.65020610899803 106.864778114138 98.47528326572363 92.23522454718879 100.43276740217088 107.5575307375666 95.12552879634248 106.10683996317012 95.33071080816785 95.52365286173254 90.8037956245176 91.77990532475705 99.84345531773849 104.01130135109915 101.85357703029679 98.28069875868648 101.78001636048023 102.83900532971484 95.7125239013082 98.60782315158808 102.88023525260313 100.80003411587475 103.32059335228635 94.9135128839778 112.96222044249619 105.31390817074951 96.95016387990582 93.36417819562625 97.01500264630612 98.5157912854342 99.56970823169986 89.78485614098352 99.87937805748368 94.79549358712697 106.2171614659125 97.09330826824767 105.20999865970043 100.72616313976046 104.09264382765309 94.51377093366696 100.07852278090446 108.77128738862375 94.9135128839778 101.95552626681315 101.71093996513306 94.15218230573907 104.99237455191667 97.65317427886568 104.07787539742745
96.02557238298151 96.86484517499777 95.24779386119046 102.50472163182062 100.70190872148258 0.0 102.01710732571243 94.37069316787802 104.07787539742745 103.13580415681514 99.89075285690976 88.06655781962701 95.19202101412017 100.23886027476193 101.95552626681315 107.1964970995444 103.14014842902142 92.64827092468941 103.77644730180586 114.80711795068619 103.27657512184305 103.70741091827523 100.32604321154298 99.11759718968817 111.95575318515554 105.25810124316145 105.83221008096828 100.4208358313172 100.70190872148258 94.7731225382353 100.80170020006025 103.06346915738663 106.94765182585269 114.80711795068619 109.7222472034614 98.67184216189645 105.86313257981244 108.43734242273081 99.57748774128198 106.65229683873996 99.83855046292292 94.7731225382353 102.88023525260313 104.68461460927467 92.3133086512904 98.08028663465383 90.3736038888 92.24574677905345 98.75279397056201 111.95575318515554 102.99949558080037 104.74745338738464 92.97332710454847 102.39322599871495 101.0539977363902 102.99949558080037 107.5575307375666 93.05209863849251 100.2823715799273 89.66528978790647 100.80424194455466 104.99237455191667 102.61590036227794 99.40628288176475 95.728281132424 105.16457773198208 106.30409352646369 100.29976370141776 98.75279397056201 95.28012707374737 95.19202101412017 109.88369767019627 96.73551168921742 100.38057401598336 99.7934725610005 97.25054196203048 108.7958146055545 103.76868902476446 97.509145417061 89.78485614098352 107.57013444886684 100.7242030905515 100.0456702398567 105.820721391934 108.7958146055545 98.88073745770323 89.66528978790647 102.01277827250782 96.81932510852059 100.80170020006025 100.87007196719775 91.84368372858854 98.67184216189645 100.817273826054 96.2941861145668 94.7154852926438 103.78818409816755 99.56970823169986 103.78818409816755 103.27657512184305
103.06346915738663 92.77012990795922 111.04525938751479 99.0959179157958 104.31143103438598 102.01710732571243 0.0 94.51377093366696 106.45813166099362 106.5820773316491 93.36417819562625 95.88844632395089 95.7125239013082 89.66528978790647 91.47958817632801 107.16293003000409 99.96977332779487 98.22496499765222 107.04874772519821 91.1478815428106 104.32236919599092 99.04096214248997 109.39975124925185 105.78683049667997 97.92031990758859 101.78941485983687 102.61049293480663 101.80848807089394 96.68911112433867 92.97332710454847 100.21532659905374 99.0959179157958 109.42121918176335 98.08028663465383 111.95575318515554 101.62176651531034 106.36153835282268 110.83374836618118 92.59506841757235 94.15265022037154 100.2782212404475 94.9135128839778 100.69132487053417 98.60501497151961 95.88844632395089 106.45293419740153 100.29976370141776 110.07576301670815 98.47528326572363 99.04096214248997 97.26396971868604 98.16210374087035 91.384566006449 98.23491909638636 107.90952091197782 100.2823715799273 96.2175178275318 103.14014842902142 99.39594231499132 100.10154911368792 100.22215450186363 98.68355016349629 106.65229683873996 104.76274510215868 106.26278096723684 91.09343674489585 101.73343276818304 95.28012707374737 103.76868902476446 109.49312300864896 103.35740152694123 99.96977332779487 101.30126566025449 104.63605535175557 97.6601249274802 106.90698267457172 103.14342205509259 104.55336966334903 110.92333834319916 94.10103275143798 94.31915232441366 96.86484517499777 100.68779790786134 106.17070151111032 103.77644730180586 108.27292265753636 103.06346915738663 100.1230811044082 92.23522454718879 99.43977845462592 94.59503017992338 105.20999865970043 111.95575318515554 104.74745338738464 103.27657512184305 92.64827092468941 109.84498061870666 106.681562782665 98.7949797900059 98.4500354419162
102.54707975610003 91.384566006449 95.08569182908909 100.42188911288166 96.64418557721277 94.37069316787802 94.51377093366696 0.0 102.26917662028782 100.22215450186363 101.70719846977612 107.90952091197782 96.73551168921742 105.820721391934 101.03684605075684 95.14887828641069 99.83855046292292 102.13165633368274 100.57432513777941 106.65229683873996 100.63948099478111 100.09756836227493 103.45582640836291 99.0248076570915 104.15631546676735 100.51791775619776 92.2929053351519 89.7759029406288 101.85357703029679 100.32604321154298 107.90952091197782 95.25753448467891 104.0306518830264 104.15376877236768 104.93264610573003 96.81440451833106 100.83337971755574 106.58170600942152 100.4208358313172 100.57432513777941 105.20999865970043 101.60561713940665 93.8293116583984 100.21532659905374 102.60772727000122 104.93264610573003 104.53549623744453 96.53133507410197 108.31164478142998 98.60501497151961 104.99237455191667 99.07934426923418 102.83900532971484 110.96878764501932 104.76274510215868 108.52202450968747 104.63605535175557 100.51791775619776 89.7759029406288 92.4843702890083 100.83337971755574 106.03383879793374 91.47958817632801 96.47038225264502 99.56970823169986 102.01277827250782 99.2218496054481 100.33192129549487 104.15631546676735 103.88909507116936 102.99108288680841 98.08028663465383 91.47958817632801 97.25054196203048 102.40209944657703 101.62176651531034 102.61590036227794 101.60561713940665 104.55336966334903 110.68100716747257 106.58170600942152 99.04276433766631 95.52365286173254 100.2782212404475 101.18778967523832 97.6601249274802 98.22496499765222 106.5820773316491 94.10103275143798 99.08879056748931 107.16293003000409 99.88240255342966 94.24693805079991 98.32900844954521 98.14513276462284 99.11759718968817 114.80711795068619 104.01130135109915 107.35496841854193 106.17070151111032
95.1581513218002 96.35256236557153 92.24574677905345 100.57423333777496 94.60156574431505 104.07787539742745 106.45813166099362 102.26917662028782 0.0 89.66528978790647 102.00646493935021 100.29976370141776 100.80170020006025 93.36417819562625 105.820721391934 106.56180134593569 106.79078256270884 108.52202450968747 104.09708611839004 100.11908940922173 102.81305367308454 107.55009042017446 101.95552626681315 104.60962111703955 97.80691235509367 97.92919814140161 94.60540990505534 100.63948099478111 108.52202450968747 101.30126566025449 107.35496841854193 102.99108288680841 100.48889796478792 91.384566006449 88.06655781962701 100.1169384251459 98.2892351947961 87.86065895807445 97.04578070942117 99.2218496054481 100.4208358313172 94.7154852926438 104.09708611839004 97.48605958496056 100.51791775619776 112.40746516075725 108.52202450968747 101.86185802550492 103.097007674405 88.77706188008693 110.07576301670815 99.4121360040742 98.75279397056201 103.78818409816755 107.5575307375666 94.59503017992338 100.57432513777941 94.60156574431505 102.60772727000122 97.06511037468073 92.77012990795922 96.64418557721277 110.68100716747257 99.0248076570915 100.10154911368792 99.89075285690976 99.4121360040742 106.18003813426003 101.44761938752964 94.83913994772536 98.38451154832981 94.60156574431505 100.32282499998179 109.88369767019627 100.24378514177623 105.78683049667997 109.42121918176335 95.21050128279336 107.46132378917262 103.47196147277593 101.80848807089394 96.16364078315496 112.96222044249619 101.44761938752964 110.92333834319916 109.88369767019627 95.19202101412017 99.39594231499132 89.66528978790647 103.65020610899803 103.47196147277593 98.38451154832981 100.72616313976046 104.31143103438598 104.74745338738464 94.83913994772536 98.7949797900059 101.85438112570674 101.46961024609998 104.55336966334903
103.21419646559048 99.8591476401191 103.94361491864126 103.79617261197895 101.22414278390575 103.13580415681514 106.5820773316491 100.22215450186363 89.66528978790647 0.0 98.2760662428967 103.47196147277593 93.65635288208144 100.80003411587475 100.7242030905515 102.85573721950857 107.90952091197782 99.0263685629353 109.84498061870666 105.40393273846234 100.32282499998179 92.68418169329159 92.3133086512904 105.78683049667997 99.02180686071276 94.4551674641644 99.7934725610005 100.83337971755574 98.28069875868648 106.36153835282268 108.27292265753636 105.13995334622089 105.85938778335627 100.11908940922173 97.06511037468073 112.67652993333816 104.15631546676735 95.33071080816785 94.15218230573907 107.90952091197782 100.22215450186363 96.86786859510272 94.37728304163046 104.01130135109915 95.35846637178798 93.6186166958157 91.38499855919018 106.18003813426003 106.20982362790147 97.30883747451665 102.23708111917249 105.57750196600495 104.93264610573003 97.54563785838742 105.40393273846234 100.6645861596159 105.85938778335627 101.33249659877637 105.85938778335627 96.53133507410197 105.83221008096828 98.16210374087035 105.57750196600495 107.12009160420975 100.771820130777 111.95575318515554 92.98596310251972 102.88023525260313 95.49185080687487 97.25054196203048 97.65317427886568 107.12009160420975 104.55435936115794 103.14014842902142 99.96977332779487 96.18664237365815 105.91298290113288 92.14313827137096 96.47038225264502 105.74341178589737 90.69275881808726 103.13580415681514 96.06804687146254 104.74745338738464 103.31993806697778 94.60540990505534 102.61590036227794 100.11908940922173 98.32900844954521 106.864778114138 106.10683996317012 101.60561713940665 108.27292265753636 94.59503017992338 100.70190872148258 104.31143103438598 106.03383879793374 104.90358258184406 96.73551168921742 98.16210374087035
104.84080997525831 95.7125239013082 96.90966170421773 95.88844632395089 98.43911316834831 99.89075285690976 93.36417819562625 101.70719846977612 102.00646493935021 98.2760662428967 0.0 111.95575318515554 112.96222044249619 98.68313359629896 101.86185802550492 104.09708611839004 93.6186166958157 106.20982362790147 96.35256236557153 104.74745338738464 110.80356449663091 103.097007674405 96.42282425474181 105.74341178589737 105.13995334622089 107.85665832484248 94.36082453556595 98.87875054977951 99.7920653192637 100.48889796478792 98.04736665075414 110.51609636487264 99.0263685629353 94.31915232441366 102.28419551026383 87.86065895807445 95.16047071202081 106.61791991894684 102.01277827250782 89.3461602574113 102.61590036227794 103.45582640836291 94.10103275143798 94.10103275143798 90.8037956245176 96.86484517499777 95.12552879634248 95.08569182908909 100.38057401598336 101.46417744413259 104.01492976526413 100.69132487053417 105.85938778335627 89.78485614098352 109.39975124925185 89.16772439141178 100.7242030905515 107.35496841854193 95.35846637178798 102.2345319437664 104.02927159481646 104.76274510215868 88.5241566077755 98.90309597934461 103.14342205509259 100.42030874031273 102.40352200424212 98.90309597934461 108.31164478142998 95.7125239013082 100.72616313976046 94.63253838715802 100.24378514177623 101.37287861852201 93.65635288208144 96.18664237365815 98.98395982264381 107.90952091197782 102.63639936860571 104.09264382765309 100.10154911368792 91.384566006449 100.80003411587475 105.40393273846234 104.09264382765309 99.0959179157958 91.1478815428106 92.52860150466333 91.09343674489585 97.509145417061 104.74745338738464 100.01986229111465 103.097007674405 98.2892351947961 103.32059335228635 106.43717493943514 104.55336966334903 106.68195731896652 99.10740424427344 106.17070151111032
92.98596310251972 100.80170020006025 100.49886471891263 99.6231458703642 100.1169384251459 88.06655781962701 95.88844632395089 107.90952091197782 100.29976370141776 103.47196147277593 111.95575318515554 0.0 108.31136682434001 96.04428349045543 100.80424194455466 98.60782315158808 94.60156574431505 95.12552879634248 94.37728304163046 91.47958817632801 104.74745338738464 103.14342205509259 103.35740152694123 96.2941861145668 106.17070151111032 89.3461602574113 97.509145417061 107.06266877864432 100.80003411587475 97.54563785838742 106.864778114138 101.78001636048023 97.09330826824767 101.66418778010218 107.04874772519821 100.0456702398567 100.32282499998179 92.72354338728346 103.21419646559048 100.51791775619776 102.63639936860571 103.14342205509259 107.04874772519821 106.29631012714387 106.65229683873996 92.3133086512904 99.10740424427344 100.33192129549487 95.19202101412017 99.0248076570915 103.70741091827523 94.36082453556595 110.9694162820923 98.98395982264381 98.60501497151961 97.06511037468073 92.64827092468941 101.44761938752964 99.08879056748931 104.93466692293472 101.5266954423458 101.10201871835395 99.02155029183967 104.74745338738464 99.89075285690976 99.39594231499132 98.04736665075414 100.38421379957678 104.53549623744453 98.23491909638636 97.25054196203048 100.6166185459196 110.75118030968761 98.88073745770323 99.2218496054481 99.83855046292292 104.68461460927467 105.78683049667997 104.01130135109915 101.44761938752964 93.36417819562625 106.26278096723684 98.76599697553642 106.10683996317012 97.92031990758859 108.7958146055545 104.63605535175557 99.40628288176475 103.39153868144363 102.5958196720791 92.77012990795922 110.07576301670815 106.90698267457172 98.20916997377842 98.68313359629896 103.79617261197895 100.817273826054 101.85357703029679 100.6166185459196 98.7949797900059
101.0539977363902 100.07236007711575 103.65020610899803 107.16293003000409 99.08879056748931 95.19202101412017 95.7125239013082 96.73551168921742 100.80170020006025 93.65635288208144 112.96222044249619 108.31136682434001 0.0 91.1478815428106 102.39322599871495 96.90966170421773 96.06804687146254 104.15376877236768 100.57432513777941 97.40565843586045 106.45813166099362 89.66528978790647 101.95552626681315 94.11247699518594 100.80170020006025 98.60501497151961 104.4282497803964 97.75612089471261 89.81161719761471 92.77012990795922 107.35496841854193 103.94361491864126 104.74745338738464 101.70719846977612 104.99237455191667 100.57423333777496 94.31915232441366 102.5958196720791 89.16772439141178 100.2823715799273 98.87875054977951 100.51791775619776 96.81440451833106 100.57432513777941 106.17070151111032 100.01986229111465 106.45813166099362 105.31390817074951 106.90698267457172 101.47291623823763 100.6166185459196 99.39594231499132 92.52860150466333 99.7920653192637 95.04216560844 94.37069316787802 107.12009160420975 100.771820130777 105.86313257981244 102.13165633368274 94.60540990505534 101.95552626681315 99.02180686071276 95.97354361655115 92.23522454718879 98.7949797900059 102.94438917375426 106.17070151111032 109.7222472034614 95.728281132424 103.39153868144363 100.09756836227493 105.85938778335627 99.02180686071276 93.05209863849251 103.5411648519766 108.52202450968747 97.67403141780002 97.8250391207373 109.1501152655984 92.64827092468941 100.87130787569781 102.2345319437664 92.3133086512904 99.93719192235156 108.77128738862375 106.5820773316491 106.79078256270884 104.55435936115794 96.95016387990582 95.24695508802623 104.01492976526413 98.2892351947961 91.61177076756182 111.80709240640743 101.5266954423458 102.7877315900978 97.54563785838742 106.10683996317012 98.22496499765222
91.20838865015611 109.39975124925185 94.24693805079991 99.56970823169986 101.03684605075684 100.23886027476193 89.66528978790647 105.820721391934 93.36417819562625 100.80003411587475 98.68313359629896 96.04428349045543 91.1478815428106 0.0 110.88415233226654 103.31993806697778 96.60076633332744 102.01710732571243 103.35738001179452 98.28069875868648 93.24708892060134 104.76274510215868 96.81932510852059 97.02366945513646 100.49886471891263 99.84345531773849 95.08569182908909 100.70190872148258 107.04874772519821 98.28069875868648 89.66528978790647 100.38421379957678 96.02557238298151 95.19202101412017 97.06511037468073 102.87556718650575 89.16772439141178 100.07852278090446 96.68911112433867 88.22496888075658 99.08879056748931 103.32059335228635 101.03684605075684 92.97332710454847 111.8628454519245 100.57423333777496 103.65020610899803 111.04525938751479 109.49312300864896 99.2847170862177 97.67403141780002 94.24693805079991 96.42282425474181 96.31760365701997 101.18778967523832 89.66528978790647 99.10740424427344 100.87130787569781 95.28012707374737 95.88844632395089 104.90358258184406 99.10740424427344 115.82510407801286 102.87556718650575 106.43717493943514 97.75612089471261 95.33071080816785 100.68779790786134 102.60772727000122 100.29976370141776 95.97354361655115 92.77012990795922 100.1562941834158 112.40746516075725 106.14014179300275 97.30883747451665 98.67184216189645 96.81440451833106 103.27657512184305 103.88909507116936 100.80424194455466 96.86484517499777 104.02927159481646 95.36376164258041 95.16047071202081 99.11759718968817 97.54563785838742 101.46961024609998 95.1581513218002 106.79078256270884 102.99949558080037 102.2580324785657 103.79617261197895 90.3736038888 100.6645861596159 101.06457870719686 96.2941861145668 94.37728304163046 102.85573721950857 100.817273826054
105.72329379297554 98.20916997377842 114.80711795068619 105.74341178589737 95.24695508802623 101.95552626681315 91.47958817632801 101.03684605075684 105.820721391934 100.7242030905515 101.86185802550492 100.80424194455466 102.39322599871495 110.88415233226654 0.0 103.35738001179452 107.04874772519821 107.55009042017446 96.47038225264502 95.88844632395089 101.71093996513306 98.14513276462284 96.95016387990582 104.63605535175557 104.32236919599092 103.71896036871489 101.70719846977612 99.0263685629353 98.88073745770323 101.46417744413259 110.68100716747257 101.71093996513306 104.16961128589932 96.81440451833106 103.79617261197895 101.95552626681315 110.07576301670815 100.1230811044082 106.681562782665 98.60782315158808 110.92333834319916 110.83374836618118 99.07934426923418 107.85665832484248 101.34434014699237 98.28069875868648 95.84809889269958 104.68461460927467 98.28069875868648 99.84345531773849 110.88415233226654 102.40352200424212 92.72354338728346 92.3133086512904 103.097007674405 101.44761938752964 94.63253838715802 100.68779790786134 101.22414278390575 98.68313359629896 105.13995334622089 101.94730886672693 94.59503017992338 91.77990532475705 98.98395982264381 94.63253838715802 90.8037956245176 92.59506841757235 92.23522454718879 99.40628288176475 102.40209944657703 103.14014842902142 104.31143103438598 107.04874772519821 106.64135115945015 107.59752110079035 97.09330826824767 92.14313827137096 93.36417819562625 99.2847170862177 97.40565843586045 102.40352200424212 109.88369767019627 94.37069316787802 100.38421379957678 102.00646493935021 104.93466692293472 103.88909507116936 105.25810124316145 91.45233044916921 105.20999865970043 99.08879056748931 100.38057401598336 102.87556718650575 101.0539977363902 104.69948992105608 98.98395982264381 98.7949797900059 98.4500354419162 99.10740424427344
99.11759718968817 94.55674557369657 101.30126566025449 102.01277827250782 102.39322599871495 107.1964970995444 107.16293003000409 95.14887828641069 106.56180134593569 102.85573721950857 104.09708611839004 98.60782315158808 96.90966170421773 103.31993806697778 103.35738001179452 0.0 100.21532659905374 98.90309597934461 97.12139392959891 100.38421379957678 95.14887828641069 106.864778114138 104.32236919599092 98.7886375012699 101.5266954423458 96.2941861145668 100.15019043053083 100.1562941834158 96.42282425474181 103.65020610899803 100.42188911288166 110.51609636487264 95.25753448467891 101.34953588031689 101.06457870719686 105.40393273846234 93.29092938965856 89.16772439141178 100.15019043053083 98.87875054977951 105.91298290113288 100.6645861596159 110.9694162820923 94.83913994772536 108.31060347690529 96.90966170421773 105.91298290113288 96.31760365701997 96.55273337718003 98.16210374087035 110.80356449663091 103.70741091827523 100.771820130777 95.66316999758858 109.84498061870666 97.26396971868604 104.90358258184406 95.52365286173254 106.36153835282268 97.12139392959891 97.6601249274802 99.43977845462592 103.14342205509259 97.48605958496056 99.40628288176475 94.31915232441366 103.32059335228635 102.23708111917249 88.06655781962701 102.61590036227794 99.2218496054481 106.29631012714387 100.4208358313172 100.11908940922173 95.16047071202081 110.92333834319916 106.1873368660703 95.19202101412017 91.45233044916921 100.68779790786134 91.1478815428106 107.5575307375666 95.88844632395089 103.06346915738663 97.30883747451665 101.85357703029679 100.771820130777 96.16364078315496 99.4121360040742 102.23708111917249 102.23708111917249 101.37287861852201 96.47038225264502 104.25551746760652 105.31390817074951 98.7949797900059 106.36153835282268 107.35496841854193 98.88073745770323 106.58170600942152
94.55674557369657 101.85438112570674 100.80003411587475 111.80709240640743 96.64418557721277 103.14014842902142 99.96977332779487 99.83855046292292 106.79078256270884 107.90952091197782 93.6186166958157 94.60156574431505 96.06804687146254 96.60076633332744 107.04874772519821 100.21532659905374 0.0 109.49312300864896 104.53549623744453 108.27292265753636 106.30409352646369 105.31390817074951 99.08879056748931 106.1873368660703 98.68313359629896 103.45582640836291 93.05209863849251 93.4100702819426 89.78485614098352 105.40393273846234 101.78941485983687 104.55336966334903 106.56180134593569 100.21532659905374 104.4282497803964 94.4551674641644 109.88369767019627 104.68461460927467 106.29631012714387 101.60561713940665 103.88909507116936 88.06655781962701 98.68355016349629 89.66528978790647 102.54707975610003 88.28052353902117 101.80848807089394 89.81161719761471 91.38499855919018 98.22496499765222 114.80711795068619 105.91298290113288 106.26278096723684 106.2171614659125 104.25551746760652 95.66316999758858 95.33071080816785 106.18003813426003 108.31136682434001 94.37069316787802 104.12565649235516 105.74341178589737 99.28864685348815 96.73551168921742 109.1501152655984 98.04736665075414 99.93719192235156 96.04428349045543 99.28864685348815 90.15916488810814 100.0456702398567 97.6601249274802 105.85938778335627 102.63639936860571 105.16457773198208 106.68195731896652 94.60156574431505 100.49886471891263 97.75612089471261 92.68418169329159 95.33071080816785 102.81305367308454 95.35846637178798 100.65040783635786 102.94438917375426 101.66418778010218 92.97332710454847 90.08338224396607 103.27657512184305 104.69948992105608 110.83374836618118 95.24695508802623 87.86065895807445 101.71093996513306 92.4843702890083 106.5820773316491 95.25753448467891 94.10103275143798 100.23886027476193 102.39322599871495
100.87130787569781 110.88415233226654 99.8591476401191 110.83374836618118 90.08338224396607 92.64827092468941 98.22496499765222 102.13165633368274 108.52202450968747 99.0263685629353 106.20982362790147 95.12552879634248 104.15376877236768 102.01710732571243 107.55009042017446 98.90309597934461 109.49312300864896 0.0 102.50472163182062 98.5157912854342 100.68779790786134 95.24779386119046 97.75612089471261 100.42030874031273 104.68461460927467 96.16364078315496 100.22215450186363 102.28473026727325 102.28419551026383 98.43911316834831 92.4843702890083 101.3003447109205 103.32059335228635 92.38941851775317 103.39153868144363 106.43717493943514 107.55009042017446 104.84080997525831 98.68355016349629 105.72329379297554 92.98596310251972 100.23886027476193 91.52993022645853 102.61590036227794 99.0959179157958 94.60540990505534 93.29092938965856 99.07934426923418 102.7877315900978 103.77644730180586 98.75279397056201 92.2929053351519 95.21050128279336 104.0306518830264 100.70190872148258 100.38421379957678 106.5820773316491 95.97354361655115 107.46132378917262 94.51377093366696 109.7222472034614 90.08338224396607 91.84368372858854 102.2345319437664 91.84368372858854 104.88243655148834 98.43911316834831 107.57013444886684 106.26278096723684 100.80424194455466 110.96878764501932 102.00646493935021 99.07934426923418 103.83622865337587 104.63605535175557 104.0306518830264 105.86313257981244 101.33249659877637 100.09756836227493 104.09708611839004 102.51111991330376 105.72329379297554 97.509145417061 100.33192129549487 107.16293003000409 101.0539977363902 106.56180134593569 107.35496841854193 93.29092938965856 99.0263685629353 94.7154852926438 91.09343674489585 107.85665832484248 100.72616313976046 108.7958146055545 104.4282497803964 103.06346915738663 112.67652993333816 92.24574677905345 106.45813166099362
97.78226408103461 108.31136682434001 100.70190872148258 102.39322599871495 112.67652993333816 103.77644730180586 107.04874772519821 100.57432513777941 104.09708611839004 109.84498061870666 96.35256236557153 94.37728304163046 100.57432513777941 103.35738001179452 96.47038225264502 97.12139392959891 104.53549623744453 102.50472163182062 0.0 90.75160035412233 104.4282497803964 106.68195731896652 105.85938778335627 108.7958146055545 99.6231458703642 98.2760662428967 106.68195731896652 102.28419551026383 92.64827092468941 110.68100716747257 93.36417819562625 106.681562782665 107.80984378487693 97.78226408103461 99.0959179157958 96.86484517499777 94.7731225382353 106.18003813426003 95.36376164258041 104.68461460927467 101.71093996513306 102.27656318507748 102.81305367308454 99.7934725610005 98.75279397056201 100.07852278090446 96.04428349045543 94.24103041105761 115.82510407801286 94.24103041105761 94.63253838715802 100.24378514177623 101.95552626681315 102.28419551026383 98.28069875868648 104.36783761923938 103.35740152694123 96.53133507410197 97.95771613995105 108.27292265753636 89.78485614098352 110.68100716747257 96.06804687146254 101.33249659877637 102.99949558080037 106.30409352646369 104.16961128589932 103.77644730180586 92.59506841757235 95.33071080816785 96.47038225264502 92.68418169329159 98.60501497151961 102.26917662028782 98.4500354419162 108.52202450968747 102.48254409348317 103.78818409816755 103.41424768385421 99.89075285690976 108.43734242273081 106.79078256270884 106.65229683873996 99.87937805748368 103.14014842902142 95.88844632395089 97.04578070942117 104.16961128589932 96.64418557721277 106.43717493943514 92.59506841757235 115.82510407801286 95.84809889269958 101.06457870719686 109.84498061870666 98.32900844954521 100.6166185459196 97.67403141780002 100.68779790786134 105.72329379297554
87.86065895807445 95.88844632395089 102.01277827250782 110.80356449663091 101.78001636048023 114.80711795068619 91.1478815428106 106.65229683873996 100.11908940922173 105.40393273846234 104.74745338738464 91.47958817632801 97.40565843586045 98.28069875868648 95.88844632395089 100.38421379957678 108.27292265753636 98.5157912854342 90.75160035412233 0.0 96.64418557721277 107.85665832484248 93.65635288208144 99.11759718968817 100.01986229111465 102.81129280111821 97.02366945513646 106.29631012714387 101.71093996513306 107.12009160420975 94.36082453556595 92.73879798031314 97.95771613995105 100.07852278090446 100.29976370141776 104.60962111703955 104.53549623744453 96.86484517499777 102.99108288680841 101.31271989951712 101.62176651531034 104.55336966334903 92.64827092468941 101.06123095571658 99.39594231499132 103.94361491864126 101.78001636048023 106.03383879793374 103.097007674405 108.43734242273081 95.04216560844 98.23491909638636 92.24574677905345 95.19202101412017 97.09330826824767 97.6601249274802 104.68461460927467 96.2941861145668 93.8293116583984 97.78226408103461 102.28473026727325 100.10154911368792 102.26917662028782 101.94730886672693 94.79549358712697 97.06511037468073 99.56970823169986 89.78485614098352 96.86484517499777 100.10154911368792 101.60561713940665 99.57748774128198 110.96878764501932 97.80691235509367 99.28864685348815 103.21419646559048 91.38499855919018 99.6231458703642 112.96222044249619 107.1964970995444 95.98364780612812 92.72354338728346 102.7877315900978 107.59752110079035 100.42030874031273 103.47196147277593 103.94361491864126 95.35846637178798 101.34434014699237 110.9694162820923 94.51377093366696 104.90358258184406 94.37728304163046 94.37069316787802 107.46132378917262 97.80691235509367 100.83337971755574 94.36082453556595 107.80984378487693 97.01500264630612
107.80984378487693 106.29631012714387 91.45233044916921 111.80709240640743 106.90698267457172 103.27657512184305 104.32236919599092 100.63948099478111 102.81305367308454 100.32282499998179 110.80356449663091 104.74745338738464 106.45813166099362 93.24708892060134 101.71093996513306 95.14887828641069 106.30409352646369 100.68779790786134 104.4282497803964 96.64418557721277 0.0 98.68355016349629 99.04276433766631 92.68418169329159 106.45813166099362 101.78941485983687 95.25753448467891 107.1964970995444 100.7242030905515 95.21050128279336 99.8591476401191 103.94361491864126 98.2892351947961 99.02155029183967 104.07787539742745 94.9135128839778 97.25054196203048 101.85357703029679 105.25810124316145 99.0248076570915 97.509145417061 102.28419551026383 106.36153835282268 99.7934725610005 103.79617261197895 94.63253838715802 101.85357703029679 97.26396971868604 98.14513276462284 94.55674557369657 90.75160035412233 107.04874772519821 92.14313827137096 89.81161719761471 92.97332710454847 95.28012707374737 100.57432513777941 105.91298290113288 100.32604321154298 107.57013444886684 115.82510407801286 94.59503017992338 107.57013444886684 110.68100716747257 106.45813166099362 91.20838865015611 101.71093996513306 95.12552879634248 103.76868902476446 97.09330826824767 108.7958146055545 100.42586714620636 92.77012990795922 100.42188911288166 103.14342205509259 102.85573721950857 95.35846637178798 99.43977845462592 101.06457870719686 104.15376877236768 103.005744940534 101.22414278390575 102.39322599871495 101.47291623823763 89.16772439141178 105.91298290113288 104.32236919599092 104.52759666047143 100.57423333777496 102.40352200424212 98.75279397056201 101.70719846977612 96.73551168921742 109.7222472034614 98.17984434261935 95.1581513218002 102.40209944657703 94.9135128839778 96.01943122903289 91.38499855919018
