75
0.0 95.33742542577579 116.61034424491137 106.41618545879297 96.22911883058127 99.65072276090432 95.27388211802142 97.5287794723704 98.82848962611821 91.84910306645718 101.26729366318048 101.59469325064082 103.15141839850261 105.00077434322989 104.89962018139602 103.43043023890999 100.96008682435101 103.65176256666794 91.14400980773767 106.49921521900764 100.80243248990591 101.47227428568536 93.20560371723622 90.89970591412299 95.56389842849333 103.37699088180088 96.83035728345682 104.37177964925934 102.75780192836987 105.56644308811892 97.61085526065784 100.07244251351717 94.8321684134386 88.86704761999515 114.44549216108278 104.02737426604122 101.3352022328651 95.00048245581213 101.75500396805892 96.18036129601296 97.89408074888254 93.78853350081259 104.52626782451445 90.3735913395529 108.68293323765646 97.81675769516332 102.86375312823486 99.90231312480734 94.07392011551053 97.88578377067003 105.38776702397371 92.21148761685835 94.26215966245942 93.46567140070964 98.34023112445178 109.11528139778754 105.14924453217965 91.77104588753724 95.31031582833147 92.03860423666072 99.48601250318687 98.35615215628825 111.57929867757963 104.8091517919807 106.82951383815612 100.63731859927623 94.3405987769102 96.65505349345027 98.93560897895956 109.38977446899116 100.72901246932267 99.88070893025395 105.74456334361516 100.14789112721394 92.96599531478105
95.33742542577579 0.0 105.28500437637449 93.79777979007235 108.83709108362876 97.45295388316612 103.02856129764187 100.31353596211129 102.82137283439765 97.10982059152366 97.26642534157969 96.11858801447782 93.58967066534123 100.58371194767774 93.37089293919196 100.13619928103712 101.66833625742635 99.04850050110879 102.50055879336387 100.76133233877769 98.0974209974065 100.47269621176088 98.22537685946448 91.09275457632465 99.15488829955328 107.08879415997802 96.08491361439405 90.43658160578431 88.51392726623727 95.73738015912677 106.28482301836124 95.41817344705967 107.5857529613016 94.34529041697786 96.68236998413448 99.90603461636991 95.11795992308107 102.14944018858958 93.15914068596163 102.74267165839296 96.84477374944409 93.38575284497819 104.14560909075885 102.92836289638666 100.62299346915218 104.53573689575406 92.37047628003349 93.61025769056648 102.94630525563701 103.69782842316151 97.08799121607969 99.87996439688175 103.15914367328025 97.46899395234416 95.02276792125245 96.0916191278069 98.55012414858531 94.89433149803335 104.70961807073127 110.96802067665462 91.8946944017042 105.14751001371488 95.69656784586002 98.92988408697623 98.80993586497704 96.55499855686483 90.88254318016045 108.96617094986382 98.73288818994848 101.28274845497995 104.10447892926457 96.28248726169174 110.8296808124027 103.0429670470911 109.04312101484436
116.61034424491137 105.28500437637449 0.0 105.44422785676286 93.30589710590843 98.85928518236058 97.18598466536697 105.14148563104844 102.69444425456358 100.80537515157755 102.39378216658035 99.58287238027657 98.46693477561189 100.50971359625218 99.86117298056047 98.05537805831896 113.75253267041998 103.82343128453384 97.82067781343105 96.03207217847483 105.1403695275376 98.95690823523667 102.00852348334247 108.65380599073931 94.79361698459667 95.0671264985718 107.14702567753594 99.2760980167562 99.66834128380617 105.04300467731362 101.15344662493202 100.44410753766796 99.79826572454719 95.79171019952493 105.10335166543325 101.86249578891068 101.37086432484813 98.15163284148085 105.11347437816853 98.32142172509897 103.36397583341369 96.08491361439405 89.96499833552073 102.17006665548669 105.56644308811892 102.98618231405314 96.85859795432049 94.10097413988514 95.82059943759192 102.13618892252728 103.89307015724569 99.5844373616844 89.7809666005092 97.51032913743992 100.4003671021983 103.84826421698904 100.63979503843392 92.65764185002557 113.1618834159677 93.34131027707605 100.98884254371494 100.56650245514793 95.4204338181306 100.25337625372033 108.42653955584655 102.33437136152281 93.5458290899709 98.44332157983354 103.9049668014457 101.21295794111097 98.92988408697623 102.57097218919134 104.11957598662111 103.01289804345451 87.2861665736973
106.41618545879297 93.79777979007235 105.44422785676286 0.0 100.54616030147677 99.68649635243116 103.75970809062633 108.64959772201121 105.70942057216237 99.13791187332905 104.92712828773479 104.87542605912188 100.73987220280962 93.38575284497819 95.73738015912677 88.46917848576416 96.56519187720919 106.32140775692473 86.00133840212008 97.70327795669988 88.92832022017217 99.74883239709727 102.28246597923851 107.55171784820068 101.74116239762736 95.55339711428798 91.6191037453248 94.78458722249992 103.7209355951838 108.92177643055703 101.01138000252267 94.87567396417566 108.84707896817137 93.05661027331284 108.83849662887452 105.94461478305578 97.87404511005899 102.24519162405275 96.88990801428513 95.00048245581213 103.27473174775635 102.1935250371465 99.66732083058862 92.33127283040945 106.7576652747106 104.67721259104705 97.44104832008964 98.13110465641654 106.1937825189916 104.8827579317634 96.72871141814491 99.41478259764351 96.2148803419234 111.20798457702477 97.91388245813287 103.49557782505221 96.11829250421137 93.53937046488113 107.26311610147204 107.06561128092363 96.61387860820703 96.9191015231206 101.710973776037 108.4367387149629 97.81408642831822 106.90268555992068 102.12901315161943 97.39431126983163 92.65508873939685 102.85407029284913 96.32008171663685 103.84826421698904 105.22757443175593 99.8433713466168 96.53227495634326
96.22911883058127 108.83709108362876 93.30589710590843 100.54616030147677 0.0 105.89301152391161 108.79795088837898 99.78864753038698 115.8482250762965 92.98457061553282 98.66057305192882 102.99830174620553 100.7823714508798 96.68236998413448 99.2770695208772 93.75309342921405 105.34072374512465 95.60136368482256 104.28403043528448 102.74418437284383 95.05392700674757 96.69498812929623 98.68438163476362 109.37928474433653 102.04057554622064 98.69544306148693 98.10025628118466 103.27965196760518 89.43879808946058 101.66975996697681 102.41496613372918 95.7198264179479 99.58287238027657 103.45847673589113 84.37082867942192 102.43678574127793 96.82795761621543 92.9038529259917 99.39345664789903 98.71607400261935 97.42853170569565 99.86117298056047 108.96617094986382 101.55003609231039 99.37736303486109 93.6089129228931 103.09702761941843 99.29230390581588 99.42360808253835 106.80283211511804 93.81399837700127 102.55733601213923 96.99414493966431 109.21980821750223 98.09693491571508 103.25673421888412 94.88451224192076 105.64202050233695 94.46290782904164 103.59825291001701 95.19184513743865 103.91434800177699 102.00852348334247 95.34076192228747 96.55499855686483 103.29163198337753 99.6963351040634 101.62570251546435 99.36638864699795 98.04829221858111 94.1200615683969 100.82427913126179 93.31660725399095 115.8482250762965 94.30713010975137
99.65072276090432 97.45295388316612 98.85928518236058 99.68649635243116 105.89301152391161 0.0 94.4560297834697 98.58081212685804 96.53416255022492 98.05980587107122 97.7936916639736 111.17252860585995 91.6191037453248 104.10447892926457 100.28365969166519 94.9160103823597 98.48484516508317 101.39291920522744 102.11138327704354 92.88550681558439 98.13112502897373 101.87898500816016 101.90555640938445 96.13351739952799 90.86912175274628 102.25589613306948 92.68920549620893 94.77077542980462 95.46197043982828 105.3969072060672 105.19330509876953 100.81451078998694 105.21314038758908 97.50812909330566 101.74636895794592 98.04829221858111 102.83594175761422 90.58003321289392 99.72644347854684 101.87202640650486 97.681065372929 97.26979400758535 107.01000688953688 108.66181031071254 100.62972893946377 98.20271254789495 96.56980978215321 105.57801078655744 99.07774934903539 98.59855818412365 101.3352022328651 102.05776554634983 89.62432827099437 99.88858097907651 102.47778787858903 91.84910306645718 108.47070916658906 106.18129331617845 101.2990370487335 99.8730147119459 96.11829250421137 99.20273966729634 101.62552871933526 112.45764422647363 99.28422590144088 96.69498812929623 96.12979175730028 96.25096290272936 95.60484989115122 101.30945547997763 105.58736898881689 96.32168546716663 105.25550842881073 94.26040827594612 111.31910375282528
95.27388211802142 103.02856129764187 97.18598466536697 103.75970809062633 108.79795088837898 94.4560297834697 0.0 98.2337148208836 100.0785152630689 102.40937528324041 95.86807067809983 102.71106380319536 88.60577115405312 97.39264759786904 98.40697249443663 93.28680096535223 103.75747410063374 100.80566908358897 103.178623578943 109.77250580778562 100.70277062132607 99.29270123283543 104.6821504564806 99.30690478562583 92.37857993077947 99.06468868243361 90.72300374055018 105.98656420456825 96.6023773469341 101.91699978241819 105.36134488189295 103.57825495682853 97.71278576253796 101.00304491084566 94.16479783396278 104.63659594408614 101.12309905755205 99.45861655398186 95.99362267171114 104.11669624876399 101.29064308360269 99.12286710925893 97.8324979126965 105.48933939747933 99.72644347854684 98.51094086553158 112.17609938031602 98.67287468282237 98.43074106146707 113.29156413289552 95.65784103940565 97.36638310139024 105.07572651725746 105.87318688318116 101.74116239762736 105.00275295456885 105.44871909685976 96.63785365679553 103.47961857676522 103.46611745357386 85.15590816308396 100.6183908825215 108.44686987075356 102.37093021181735 106.87443454309472 107.02108551552212 93.20170275479539 103.39077198407179 95.52874503278694 100.13411915976472 95.21639143871619 100.92976501397357 107.26996150207648 98.49661656463955 94.79553281781756
97.5287794723704 100.31353596211129 105.14148563104844 108.64959772201121 99.78864753038698 98.58081212685804 98.2337148208836 0.0 96.75806961918822 98.88465739429704 113.90810479326406 99.98525924984945 92.17133234685974 106.81672559562358 109.29854931212193 97.8407898761147 102.06602574125169 95.65733033489815 106.94896909040148 93.75309342921405 112.21392784219222 102.7497945429578 104.17968767070347 101.52622190080838 103.06260374177978 91.29816578981652 89.9865756647795 99.91469987954306 106.26642193436078 92.99059380157584 103.22672019208188 105.76043588861401 105.63131405283093 92.68920549620893 103.22418911820249 89.96499833552073 103.97934036652596 106.19749120671712 108.12743907135881 97.14465371778563 104.64664681594368 98.52776528167092 94.26227697252098 89.84810480240854 107.17360118188746 97.82540951043245 102.89646477532916 94.33944696321784 103.28928400737604 112.74028466307661 98.76750283192011 95.67473604680035 94.19598248692742 100.0785152630689 101.88813357557311 95.99362267171114 87.25502852156451 98.71607400261935 100.64539835783516 97.24532136212825 100.24030708972613 95.23910152966032 95.88946807192698 98.2337148208836 102.85812092139234 100.19658660038402 94.56143297765169 103.15860955716748 104.7968748001411 106.68897130084251 101.29212316213454 98.6530102120289 101.02099170174777 110.4912030633132 107.3399619347965
98.82848962611821 102.82137283439765 102.69444425456358 105.70942057216237 115.8482250762965 96.53416255022492 100.0785152630689 96.75806961918822 0.0 104.17968767070347 99.82922669763467 96.80901071386398 104.59136980296356 99.3725424985196 102.31798452756796 100.94040349560474 105.91805976010183 101.08257635708443 101.87442386202446 102.24251259370848 97.82067781343105 101.13523736642924 103.10420283202222 99.47755313235552 107.06936708540171 99.03845181318935 94.3466634957211 101.98697717203744 97.14460557012328 102.71796253773935 104.86093631440907 97.07292826499491 103.60094152142652 102.12720711946965 99.12825958896157 104.81239850626392 103.15480506123892 105.26188569816738 103.68519314733277 109.09549007275922 101.5293371161648 100.45461411575663 102.70010248628314 105.02329168907382 104.59136980296356 98.05603771208878 92.63724901856258 103.77303805772767 103.62230900521023 106.91109005707746 100.80704344003361 94.30724859659676 112.75514124229892 96.80974105981142 107.2497983214333 97.6072902248259 99.11973365141756 99.7985958760426 105.70899877536259 98.20635136102725 106.46240426489466 103.85614000826318 105.3969072060672 102.7347273027736 97.52616948786317 94.681246737971 97.89408074888254 108.29872875949664 96.92350109492341 97.77009685984699 105.75098196502209 103.43378897678151 104.00460913085453 95.97500781390836 99.34576650721074
91.84910306645718 97.10982059152366 100.80537515157755 99.13791187332905 92.98457061553282 98.05980587107122 102.40937528324041 98.88465739429704 104.17968767070347 0.0 106.41618545879297 96.69356360903959 99.11082343733187 96.72586061309444 102.49985395293238 95.86591958390889 100.33953815393905 96.51889159936538 102.53235822581506 99.85743804201886 112.00817486268211 93.37089293919196 103.16685294441857 98.17821192261208 103.1738447957843 106.45749819293097 101.3507382453804 107.87555361185913 99.19480638883496 104.40054846083777 96.53416255022492 99.59258925539629 103.71093673560289 93.98115387519373 101.29034584830777 97.49547266648051 100.16209763767829 103.37732339524581 103.60410014670278 102.35839355501437 99.06173719751929 103.47227719606622 102.9358898763854 104.96553992647438 99.39345664789903 96.2914426243001 102.98618231405314 99.93801328644699 99.94661268066845 110.55414911899226 96.06374682451157 92.41010093830316 102.9639088402445 90.13271422108716 102.92000871811484 99.10836657491097 97.15838360796629 104.881316168857 105.40661818067565 95.91714009652867 99.17775988583185 105.8733688338611 96.97750051681246 99.72325072834211 99.8433713466168 101.0060789101508 91.20570683644132 90.45689221028667 100.5789635419514 103.76691278609002 105.2852413649278 97.9545074197234 98.45372601859631 91.42974658612363 98.01563666017579
101.26729366318048 97.26642534157969 102.39378216658035 104.92712828773479 98.66057305192882 97.7936916639736 95.86807067809983 113.90810479326406 99.82922669763467 106.41618545879297 0.0 95.956314264564 100.79925214990253 102.75780192836987 103.7864673576164 104.89301361602189 96.06975902766084 108.70231465070289 99.31540499937609 106.37587278542372 98.90955697085545 98.36013295293195 98.81237552872484 99.19501191978371 99.9570972049241 100.7949563468974 93.07911502655179 96.43744035360226 110.97346827852058 98.8050200138814 108.25897136138362 99.29270123283543 105.75098196502209 96.84477374944409 99.10836657491097 103.60552211051949 102.17054566363637 100.70730233538258 99.15716482643856 105.47398378131858 104.01397160741027 102.74696146476687 101.76589654594339 103.33938263376064 100.45461411575663 96.09089235486158 100.39542378595999 98.14933590989153 88.80920313614791 94.25958154926904 97.70327795669988 100.88323879096258 100.2471113761529 90.65358137282337 98.61374280884817 91.61058550005053 100.32407806380951 102.16196583668504 95.83438838755924 98.92534687578771 100.29618940550593 105.04859847963642 99.87328767448395 96.05851568307182 97.2018429265325 103.95960092421348 93.27080874062096 106.29330661497222 97.14041512540054 97.54093803437257 98.22808812502578 101.0863183076729 104.2936129087338 104.78797095684084 101.32581088140964
101.59469325064082 96.11858801447782 99.58287238027657 104.87542605912188 102.99830174620553 111.17252860585995 102.71106380319536 99.98525924984945 96.80901071386398 96.69356360903959 95.956314264564 0.0 97.45506574221827 92.8715654347356 88.95838539346957 102.80702643820067 98.66934674772224 99.31115981849615 110.55414911899226 101.42461905679444 96.21750437629487 95.88946807192698 89.94195716499773 95.24517828903242 96.68236998413448 98.08749370252195 97.19176390968374 104.19624576245153 99.14763685501855 100.71296355998751 103.34270843581632 98.48534707985284 106.1279557898384 97.0106574174857 105.11295171832393 90.51065478320831 90.9763314051686 102.7347273027736 102.55392122414752 96.23607226113239 103.68519314733277 101.99578745063884 97.45618450396613 101.75187573479215 106.82073546450309 92.45388118883687 91.20735871148736 105.09872112656326 99.91929367368071 87.68190618904934 95.40303847781357 110.52559339064769 100.37312520054496 101.25028088664897 90.90976586573817 106.57511384065093 100.07988622724449 102.1093017283031 102.71719927053323 98.61806767571471 105.28909216512707 95.75079116639044 91.53886307827003 95.70209702005137 103.88290062957273 91.74991348091818 103.77036172803493 94.91159276410977 108.07772455150591 100.08556968102036 94.03042044534217 101.5302052342904 97.58772124384356 95.55342952085232 101.41724841070129
103.15141839850261 93.58967066534123 98.46693477561189 100.73987220280962 100.7823714508798 91.6191037453248 88.60577115405312 92.17133234685974 104.59136980296356 99.11082343733187 100.79925214990253 97.45506574221827 0.0 99.0901584370742 102.89890441442226 106.52779864722339 98.84814458245658 107.93867881396447 105.05842400316989 111.20798457702477 102.7986830008255 96.54400698083599 95.55483887098954 100.19658660038402 97.63768577134817 106.99069628278244 103.01289804345451 104.05877292240729 102.52146266297677 105.33622954892707 92.68328175390813 105.54607214079203 96.97737563074416 101.55699270001945 104.82115232861531 100.21348467758476 95.38752490397115 99.87437193271175 102.43700702577394 104.49555816717648 99.72204796247829 100.39998929831256 104.6210063624825 96.8124875532726 106.69445625722678 107.89592018465864 105.14975646298153 101.9561480991864 109.43725435012553 102.98618231405314 95.09693309817254 101.39239785175317 101.12860923011739 103.65176256666794 93.6546750856023 98.35206239157677 99.80854971734821 95.99055305425914 106.26642193436078 107.45465217112627 103.37732339524581 103.59825291001701 97.09624754272454 101.30561608141404 95.99323415561237 99.44990419100733 99.78853513216745 102.78356867333363 102.41764940328052 105.91805976010183 104.58497477554903 95.60103179991741 98.33096258901688 94.11058905073229 99.72644347854684
105.00077434322989 100.58371194767774 100.50971359625218 93.38575284497819 96.68236998413448 104.10447892926457 97.39264759786904 106.81672559562358 99.3725424985196 96.72586061309444 102.75780192836987 92.8715654347356 99.0901584370742 0.0 103.49619269843738 88.88399844245151 101.38028789202365 102.62367299853905 102.1065559336487 96.82449852033166 102.61117437861296 100.73738882498105 106.72349455053059 101.84561343387492 103.95372374330773 95.78235118531299 106.25664746249082 110.45655435425715 95.61931434109806 96.14509321058091 101.77635548063817 100.81429459316338 95.65733033489815 96.08618992137906 96.0166886215815 103.28928400737604 104.64123488648953 106.61657517652199 96.1295447886666 89.70242672440666 98.15163284148085 92.0690975834672 94.48744697442507 99.27298953113855 103.21054051090059 99.80213633396738 106.73236831245792 91.94643161234593 96.23826489433614 100.46579631592628 96.04096493250691 110.88693670390111 94.36470304285493 97.74745112378541 103.6192151580255 94.31148619081218 92.62190789988348 103.2146494651848 102.76494222177969 103.85614000826318 90.13271422108716 99.21956336026946 100.92546252731613 108.623923455555 103.65109686899368 99.38510108907478 104.8712942182565 103.66351521790622 94.52509392155874 88.61548182859862 108.04664743623798 103.24787927679958 104.39338009463667 106.62019852774957 96.15458638116228
104.89962018139602 93.37089293919196 99.86117298056047 95.73738015912677 99.2770695208772 100.28365969166519 98.40697249443663 109.29854931212193 102.31798452756796 102.49985395293238 103.7864673576164 88.95838539346957 102.89890441442226 103.49619269843738 0.0 101.36694786274039 100.34819805944603 97.00342224018857 100.94040349560474 97.54119934001197 103.47961857676522 102.71744714169192 99.6477494246313 103.22418911820249 103.33146162434436 99.93801328644699 105.00275295456885 100.3640130613771 102.35839355501437 96.30166976224183 101.20290311047611 119.31779782198036 99.4063236187698 101.99796841010402 100.58926366344393 98.81331827151719 98.10706666017371 105.45596417969611 100.10055071679605 99.4897393856392 98.93361266174334 102.63911457353083 111.47225077863025 106.7576652747106 96.1014690338797 99.72977148117059 98.74306572057368 101.54777432897399 96.96185649689978 106.63433119617395 98.03155797051625 100.10785471639178 99.39196394675973 98.09693491571508 102.76792898745954 104.51254790141678 99.054957832136 102.69330383727407 109.37928474433653 100.57481469070751 92.68920549620893 91.57461828134723 94.50358530875587 100.55647252170992 100.31136581182929 99.45653851327663 95.50186092702614 94.13927507118743 103.90590829913899 97.42265167307026 90.3041680450824 100.95876997478211 109.21862239973996 94.33092851864795 102.82211841348047
103.43043023890999 100.13619928103712 98.05537805831896 88.46917848576416 93.75309342921405 94.9160103823597 93.28680096535223 97.8407898761147 100.94040349560474 95.86591958390889 104.89301361602189 102.80702643820067 106.52779864722339 88.88399844245151 101.36694786274039 0.0 102.26809104420464 91.7566253875165 110.97346827852058 100.76702580887219 92.49153997298717 103.33269520285624 103.54315668273901 96.0916191278069 99.26163766183689 106.70320000530224 93.74903832783855 97.6575247236156 99.61534539536233 96.71802452642697 103.53242315619273 105.42119216558751 103.15141839850261 95.88456788735344 91.09415666046849 98.73788591117345 104.3827193163041 103.07958365033203 111.52851310455412 99.84320861880342 95.0099097394645 99.57213971273175 95.1186761752793 105.63776881431589 97.71641991345743 106.27148627346799 103.81193052694287 107.61231652807783 105.63776881431589 108.03642497643233 101.30561608141404 102.29655416483592 94.84156668442085 103.29183998807447 104.28403043528448 94.81740583145731 105.2842792025423 96.69528713659517 93.87136222132851 91.08146439765149 102.17006665548669 95.97500781390836 91.08146439765149 102.6434939093739 99.72325072834211 93.4693804273068 96.61387860820703 101.74599754821622 99.46165959219664 97.49547266648051 95.43957485965797 103.9891822895522 99.1118910549483 103.29578162707905 98.30397875917957
100.96008682435101 101.66833625742635 113.75253267041998 96.56519187720919 105.34072374512465 98.48484516508317 103.75747410063374 102.06602574125169 105.91805976010183 100.33953815393905 96.06975902766084 98.66934674772224 98.84814458245658 101.38028789202365 100.34819805944603 102.26809104420464 0.0 96.31975113151103 102.56790111584077 99.61849166217087 100.44916985079996 89.4220096815948 106.28064473902342 91.55074042277496 96.93221570500761 97.60646156515119 99.44228845807086 101.69633346258863 95.66040196475772 96.308579214454 98.33954511583539 107.38748040896516 108.46205479158422 99.48601250318687 100.37721542327327 101.37972162152202 96.24573780122304 103.7510732576879 98.2337148208836 102.29263964951308 100.87436862880274 96.06890476392273 92.37361406216793 95.70699446802433 101.08959300851583 103.78487083072955 101.89817686098458 96.14531152978505 103.29163198337753 93.51921052478903 98.56991540796044 106.01605088592946 98.40087572754054 96.96699659038583 99.53432853707753 91.89279606707206 103.9049668014457 92.59391937957281 91.31001196834316 92.19356922214291 99.42446871976418 98.61374280884817 87.93708449587069 98.44332157983354 105.36542612946648 102.43107278117986 103.51825627840986 93.52551255232225 98.72266977936083 93.61699501278352 96.74653456701658 102.51612901429539 98.77789957744994 95.41177008962428 100.39779992831654
103.65176256666794 99.04850050110879 103.82343128453384 106.32140775692473 95.60136368482256 101.39291920522744 100.80566908358897 95.65733033489815 101.08257635708443 96.51889159936538 108.70231465070289 99.31115981849615 107.93867881396447 102.62367299853905 97.00342224018857 91.7566253875165 96.31975113151103 0.0 96.71802452642697 99.8204923710922 101.86166489876005 100.21484624395642 94.78953154046381 93.42643028101318 97.16348879130295 106.18129331617845 94.2036162971838 102.32241779665729 102.07359923135141 106.00919853948477 100.31732512937053 102.40601503213236 96.11833251131698 99.26573601191934 105.17776612910079 103.12892404583678 99.60198205647647 99.84320861880342 95.095656809641 97.0240834784656 106.12787216694704 103.0081641984916 95.82416216732423 94.90665626925087 92.6003566249642 97.2698548798513 100.57320499759723 102.10456893851607 99.98958720320718 105.95848966460636 96.26804252551973 94.22421879173781 93.31660725399095 102.93587958118573 102.05634852647377 99.15716482643856 108.56778760222285 98.07649499269864 93.81267460651443 104.23618184957519 95.73738015912677 103.78694622098307 101.83558424628627 103.63141003705252 95.92415574742675 101.73004760348373 111.37655057360617 98.09693491571508 96.93191425659879 105.64288363000875 104.48476537423863 95.86650917104488 107.28921433448279 107.45465217112627 99.7308054416806
91.14400980773767 102.50055879336387 97.82067781343105 86.00133840212008 104.28403043528448 102.11138327704354 103.178623578943 106.94896909040148 101.87442386202446 102.53235822581506 99.31540499937609 110.55414911899226 105.05842400316989 102.1065559336487 100.94040349560474 110.97346827852058 102.56790111584077 96.71802452642697 0.0 98.95211983446235 91.70364375891201 93.58040737163093 95.55621263041465 105.50457708685026 93.54300702558234 98.51644647280287 96.46986290298032 106.02944740462694 105.1179993066081 89.71358293853781 103.7976963058013 104.01397160741027 102.5415959143463 99.50331152524872 95.39771077110726 98.64893023284249 96.51793282542505 103.85521647171731 101.18238493848733 108.92177643055703 104.76027269925338 98.46324927802758 95.8775903097756 100.16785146401774 90.49922512261548 111.37663950760508 98.81605449933903 102.89646477532916 107.14365999926152 109.13911425285907 99.74741344692137 103.81149351376398 102.59500701675849 101.89817686098458 99.64323874108838 95.7620440528319 96.2496503798572 108.4367387149629 95.41817344705967 99.72871431918036 101.27105170669483 105.60661745969858 106.6094773638626 97.35052047382659 101.32324822049983 102.53839147310771 102.5661662427098 105.0585285273088 97.25894653914635 96.89426647511915 106.12787216694704 103.56280864656405 102.17102346531033 96.95644433819919 100.62074338550526
106.49921521900764 100.76133233877769 96.03207217847483 97.70327795669988 102.74418437284383 92.88550681558439 109.77250580778562 93.75309342921405 102.24251259370848 99.85743804201886 106.37587278542372 101.42461905679444 111.20798457702477 96.82449852033166 97.54119934001197 100.76702580887219 99.61849166217087 99.8204923710922 98.95211983446235 0.0 101.02209571356052 97.81855534574535 101.83505317426429 101.89187886201016 99.15716482643856 94.79930260725415 94.67242076840357 103.43900552547933 93.22388904523396 89.50108498997002 105.63387624051981 106.46343844447364 97.2018429265325 101.04493675033711 106.84226579899483 98.8050200138814 98.76750283192011 100.33953815393905 95.68838052821859 95.82966712770754 97.22885931015674 111.08417184878336 91.88299265877596 99.71464326735546 106.42832520186889 101.61460394642938 98.41070366543309 104.0687665622812 94.35007365869733 101.85802519250423 107.90554801594271 106.11467830906246 103.7976963058013 96.91654262531361 107.87874193890826 103.47961857676522 98.49513247981213 102.94591904097248 101.07449096728571 109.64861066563725 95.3815618359357 97.21293711507828 109.34740507016826 96.92355987407188 96.91864532863343 103.43043023890999 93.69799446565796 97.06545586236722 96.67221080444513 94.01595865851375 94.8321684134386 97.2470408824387 96.99433124227617 98.49123709299151 93.88652762112477
100.80243248990591 98.0974209974065 105.1403695275376 88.92832022017217 95.05392700674757 98.13112502897373 100.70277062132607 112.21392784219222 97.82067781343105 112.00817486268211 98.90955697085545 96.21750437629487 102.7986830008255 102.61117437861296 103.47961857676522 92.49153997298717 100.44916985079996 101.86166489876005 91.70364375891201 101.02209571356052 0.0 96.96699659038583 105.40661818067565 95.7403954370949 108.65453745306266 97.35752275541188 101.54674052544388 98.33096258901688 95.79565544715021 100.5910570313357 100.58926366344393 98.95690823523667 97.58271807919009 96.59067554394875 101.61404318117629 95.41105572164125 105.36160460540344 95.23266367324501 95.2625479565511 96.44438784229683 98.16057384257036 98.81966796604755 102.40084310641156 111.17252860585995 103.52447807523342 104.79018118147903 103.80021100368481 107.56939144339907 103.21310456148598 93.5435855890366 104.58497477554903 96.67895128741094 105.87318688318116 93.05626329608863 102.65022350487679 84.39408653260377 101.88697986204568 94.86069018009732 95.4449908165475 99.4519034176196 95.17441449294142 100.71296355998751 101.15541994389275 93.58290042196612 101.27239402600937 96.59505753784805 99.55668395908094 95.52043177541692 97.6441437188806 100.17706060079357 93.76240022302791 92.67173430396205 93.4291576301499 95.69461217510707 108.84824609255745
101.47227428568536 100.47269621176088 98.95690823523667 99.74883239709727 96.69498812929623 101.87898500816016 99.29270123283543 102.7497945429578 101.13523736642924 93.37089293919196 98.36013295293195 95.88946807192698 96.54400698083599 100.73738882498105 102.71744714169192 103.33269520285624 89.4220096815948 100.21484624395642 93.58040737163093 97.81855534574535 96.96699659038583 0.0 96.23917098128169 94.10097413988514 100.5910570313357 93.44714033083261 104.1472788868213 90.08533775897125 106.11467830906246 100.11849008276835 98.9280811909341 108.83709108362876 99.7228262435537 106.16577585169824 94.44982822494235 105.24040180871492 101.68218715962051 98.08592448165737 98.09916363409677 100.74750787859999 93.87181104972096 103.59822965010962 101.37410842681433 100.84284177465506 94.31518449111232 101.46370792215855 100.88323879096258 103.04601465859876 104.64964258434611 103.67275820268569 104.50554230048392 102.1935250371465 94.67512393344006 101.69633346258863 93.49185444941986 88.96442726839814 100.05941866924135 112.28605803745461 96.51889159936538 97.5287794723704 97.99313517559027 108.93944242760531 102.94591904097248 104.79278111557089 92.70294750354239 105.17846591388783 103.07958365033203 100.05941866924135 107.8096675296785 92.41469382622836 96.32008171663685 94.46633666657608 100.19658660038402 99.14763685501855 98.49067797483559
93.20560371723622 98.22537685946448 102.00852348334247 102.28246597923851 98.68438163476362 101.90555640938445 104.6821504564806 104.17968767070347 103.10420283202222 103.16685294441857 98.81237552872484 89.94195716499773 95.55483887098954 106.72349455053059 99.6477494246313 103.54315668273901 106.28064473902342 94.78953154046381 95.55621263041465 101.83505317426429 105.40661818067565 96.23917098128169 0.0 105.59869466763185 102.6565868999051 98.23892377249675 97.8064385102919 102.416319279819 108.48517635691046 103.37702719903339 98.23935261738315 97.39838243056704 104.1864129922257 99.81010323787673 106.82951383815612 100.07622367124138 98.639355337823 102.67679116977828 90.20691317555534 94.19704514847297 93.2265566687822 98.4047944726149 98.73721808612206 107.3399619347965 96.74244663820599 103.60485666987681 101.47343100429575 100.15566877051894 104.90979640239418 103.19071979431857 99.88909155840136 99.20273966729634 100.12027923223853 103.39008375949665 96.57242482091496 101.5293371161648 97.63619622451158 97.47653754387701 106.90129271851418 98.65677294104545 107.41814776382198 88.71552129249287 108.34459571016482 102.91793968906303 108.37623466663113 109.68218050832228 102.40435299787566 106.81924983047774 99.73588489282116 94.78953154046381 98.72884400266891 103.54315668273901 106.94134911879303 99.18249056571878 102.48259177713075
90.89970591412299 91.09275457632465 108.65380599073931 107.55171784820068 109.37928474433653 96.13351739952799 99.30690478562583 101.52622190080838 99.47755313235552 98.17821192261208 99.19501191978371 95.24517828903242 100.19658660038402 101.84561343387492 103.22418911820249 96.0916191278069 91.55074042277496 93.42643028101318 105.50457708685026 101.89187886201016 95.7403954370949 94.10097413988514 105.59869466763185 0.0 95.77177552762852 98.64893023284249 107.73699796926252 95.03971641146714 108.03811773608307 99.07715081531674 94.2648613538418 102.71744714169192 106.14431971706313 95.96369044922369 101.71836828130957 95.78265125499601 107.50532123070573 91.20735871148736 95.98585599543465 102.2055667977802 101.44285179028435 102.76792898745954 103.178623578943 100.50812590129092 102.19597102243516 102.14944018858958 98.46693477561189 100.57481469070751 95.36331151250369 101.30966392114662 99.87996439688175 112.75514124229892 100.7949563468974 97.24113566432776 102.5447427444987 104.11495737499905 99.20393161397571 97.06988545850487 103.61865568612409 94.72916472329297 102.10187275772341 95.70699446802433 104.76027269925338 96.32581697012549 94.93500671823367 97.76466035346459 99.78243803440306 102.04272452977104 102.82304498644142 99.76322065942763 101.52622190080838 100.39779992831654 108.19453875462091 97.54499554812165 101.80018872658171
95.56389842849333 99.15488829955328 94.79361698459667 101.74116239762736 102.04057554622064 90.86912175274628 92.37857993077947 103.06260374177978 107.06936708540171 103.1738447957843 99.9570972049241 96.68236998413448 97.63768577134817 103.95372374330773 103.33146162434436 99.26163766183689 96.93221570500761 97.16348879130295 93.54300702558234 99.15716482643856 108.65453745306266 100.5910570313357 102.6565868999051 95.77177552762852 0.0 113.1618834159677 101.90555640938445 96.38282527940034 103.52447807523342 102.42610725588601 101.93439707922406 105.09266585576606 94.79361698459667 90.88254318016045 98.2408243651881 106.08254315938113 92.78120524142993 108.8235615337194 101.91221397938814 104.85632430130177 104.66547568357957 106.8315402660516 100.80704344003361 99.33682806957178 106.12787216694704 98.90840414508983 93.99427214869101 99.58287238027657 105.18667617217721 104.8091517919807 99.7228262435537 100.59011078255395 104.4972806444425 101.72247581548663 90.89235927618861 100.43957663398928 94.65336316934844 107.25887777513081 107.05026093665084 91.71434623686469 100.02221162650862 97.36638310139024 106.44862826502651 100.8213044844695 101.74176984523224 96.57876836182959 102.71744714169192 100.87491689334709 100.30418434725182 96.12979175730028 107.06936708540171 101.98953011424099 103.45267033205823 93.74903832783855 97.74861156011382
103.37699088180088 107.08879415997802 95.0671264985718 95.55339711428798 98.69544306148693 102.25589613306948 99.06468868243361 91.29816578981652 99.03845181318935 106.45749819293097 100.7949563468974 98.08749370252195 106.99069628278244 95.78235118531299 99.93801328644699 106.70320000530224 97.60646156515119 106.18129331617845 98.51644647280287 94.79930260725415 97.35752275541188 93.44714033083261 98.23892377249675 98.64893023284249 113.1618834159677 0.0 102.41103272300076 100.31732512937053 94.36967859397708 100.47777028888576 92.62629934516211 102.94630525563701 106.3190469860735 105.95011635470519 101.36136863664612 102.9639088402445 101.70654051415585 105.66806717130045 99.80223914480197 104.13905681672185 108.44270111332115 101.03255171325995 101.39239785175317 104.40461107937807 93.88652762112477 107.5130529565204 104.69627555300515 105.26680160609817 97.81942902484661 98.36775147147833 95.48955044547712 109.43725435012553 98.31581461717299 104.93385425734976 92.95009947827195 95.81161420784794 99.14991192320542 96.83561116637513 108.63162456626904 100.56794622242232 99.10836657491097 102.30651567778081 105.760852728172 102.46857557390165 98.88557442292482 102.42200579591287 107.05688664885723 101.77626023951119 95.39559171766896 100.2471113761529 98.61844658670539 89.60982499967285 100.43733423945154 91.09415666046849 100.5910570313357
96.83035728345682 96.08491361439405 107.14702567753594 91.6191037453248 98.10025628118466 92.68920549620893 90.72300374055018 89.9865756647795 94.3466634957211 101.3507382453804 93.07911502655179 97.19176390968374 103.01289804345451 106.25664746249082 105.00275295456885 93.74903832783855 99.44228845807086 94.2036162971838 96.46986290298032 94.67242076840357 101.54674052544388 104.1472788868213 97.8064385102919 107.73699796926252 101.90555640938445 102.41103272300076 0.0 103.70397070964557 97.7907792229355 92.73215621520299 94.38730718161345 99.15573695777621 90.16389418161226 105.41761028269468 95.26575436409256 96.44447393093117 112.78906267383202 101.44285179028435 99.80029434016639 102.98133245394447 99.14567605266156 95.89736791221367 101.73948638856629 97.14159178735648 98.1370730945968 100.34116722373587 104.85632430130177 107.90824438965788 96.69467225115896 98.2004758461778 99.83272283463576 103.41996449348208 92.88778315427702 109.886481883718 101.3352022328651 104.61834216405397 95.96181053495704 96.91864532863343 94.19491516727626 92.77151580573734 100.57992408151287 98.18833477664272 100.95876997478211 92.68934657040427 93.85798824234284 101.92796250091642 102.87929023328682 92.65508873939685 107.45667247969062 95.25421683184845 111.59580528636961 87.93708449587069 105.46254320990045 97.30983153763364 105.54607214079203
104.37177964925934 90.43658160578431 99.2760980167562 94.78458722249992 103.27965196760518 94.77077542980462 105.98656420456825 99.91469987954306 101.98697717203744 107.87555361185913 96.43744035360226 104.19624576245153 104.05877292240729 110.45655435425715 100.3640130613771 97.6575247236156 101.69633346258863 102.32241779665729 106.02944740462694 103.43900552547933 98.33096258901688 90.08533775897125 102.416319279819 95.03971641146714 96.38282527940034 100.31732512937053 103.70397070964557 0.0 97.06851786533751 97.95080550074007 93.30320869225581 95.5884245298961 97.17497109761572 102.04043362974208 108.25009238649025 92.42236013532958 96.38282527940034 90.20691317555534 96.77525665354752 93.80841355532189 99.04262169838802 96.21889602359491 110.81309542124035 93.55341080991161 110.8123891745972 102.1093017283031 93.85798824234284 107.05639094753005 99.02416506674408 89.92854060105898 105.64202050233695 99.78182491704919 96.4365493495493 102.55936845993416 94.76194271487847 105.98656420456825 93.4693804273068 99.48243579098053 104.86580768219069 102.10298681274082 100.33493991488992 100.56908412986577 105.00178128253083 101.32454827919805 105.68026007651984 102.11365685458466 98.72693575667446 97.28943892536599 97.6575247236156 101.9561480991864 96.80476724061509 94.77699050048103 105.86897556638486 101.28880133599763 95.24517828903242
102.75780192836987 88.51392726623727 99.66834128380617 103.7209355951838 89.43879808946058 95.46197043982828 96.6023773469341 106.26642193436078 97.14460557012328 99.19480638883496 110.97346827852058 99.14763685501855 102.52146266297677 95.61931434109806 102.35839355501437 99.61534539536233 95.66040196475772 102.07359923135141 105.1179993066081 93.22388904523396 95.79565544715021 106.11467830906246 108.48517635691046 108.03811773608307 103.52447807523342 94.36967859397708 97.7907792229355 97.06851786533751 0.0 110.15706417614193 101.00767614777959 94.92365775305562 103.76688479946587 108.05784957331184 107.34748789931827 94.72520532350075 95.36539099320062 98.19289964447599 99.44641586541134 89.12520645313079 100.67605030997801 104.55500466463572 95.73991016466653 107.10043772360987 105.18233493263713 94.74137740435833 100.2625993038953 103.65669087399448 101.63778814694305 104.98839879653013 103.51667096519846 90.14158014898359 93.39854520759265 98.4063426559164 106.24489198470619 97.25894653914635 92.56539727317333 89.31285739736711 93.23076906012238 98.4961576315236 93.75457644786638 96.32103214116967 100.36363070227736 106.14889652389537 98.04509629597155 104.55500466463572 88.05521308955373 102.41496613372918 108.39762984384578 102.70010248628314 102.28198664453822 92.7800819311789 95.51503035442795 104.76027269925338 102.01159751727963
