75
0.0 62.7082621350111 86.42337518107581 65.5265734976452 107.78237455361796 114.4175140219533 91.2728081872384 98.82046817157314 110.34016955538442 85.1410952613978 71.22263973125558 96.3762418173058 131.3901336777967 142.2349674202837 109.98358164942316 145.9766669709821 111.62395700694586 111.73529341596644 124.10043802595752 93.77065535556221 104.13040293855288 109.51071686095734 108.88745028791963 116.64651007036946 112.46374710775044 64.27262747644347 100.86638038241124 84.64773422067863 119.04344832929348 107.84470114364827 93.77065535556221 64.36063109825267 94.76290685045595 100.93400351973484 116.432656444426 119.30873027306109 93.31232503370396 94.82284117791649 82.93542819864236 113.1226964559987 96.98168101590488 100.21205636652152 54.849896105346986 92.57852644805618 110.45540495068116 100.21205636652152 125.0199574483472 82.48147128482483 89.84182985803236 96.98168101590488 153.0283143073217 108.93995050969731 86.54964698236311 124.10043802595752 101.73665959825087 107.81578760137543 63.0519259960243 100.48108278320981 120.62717680725935 90.15157384008228 78.10463152220467 80.1926545081728 103.71333058385666 87.63823499028726 79.00622630066356 115.76798509953537 82.44816008599936 75.50797783256542 109.55367716598575 113.7218439879147 78.02735137882713 86.08439555477798 103.27931939593111 107.78237455361796 86.54964698236311
62.7082621350111 0.0 153.0283143073217 109.77222459250761 93.86576236006562 110.10814820366889 148.99843784125915 57.75224168131437 86.9047198374418 138.3577436611544 87.25936550032525 107.67574736236492 122.80263859708505 63.93881756425211 82.65095821528843 44.96209981101492 92.67982852188182 86.48753980746707 94.82801991366098 119.59445541926641 104.2156152375768 99.6964168988948 87.93329355644434 144.03254279146518 121.09128591119507 110.90522741029767 63.93881756425211 117.65327520806616 101.40820009350061 131.0833043745207 130.52475695517956 121.43700090365625 122.47048432325482 50.29893913407552 107.95086619119446 116.63937343362367 143.23380323770675 132.36464608781503 125.0926656786115 108.44040380668403 81.60808674418146 90.72939789072024 101.40820009350061 77.31794016871459 58.39190054375023 84.07115048237026 132.64951515707037 48.77709764904809 102.32861014375993 103.43519538422876 82.78285959554773 110.90764947868323 65.89013806229372 116.0137079402345 107.42496039712123 91.7483860945826 108.06447979694043 160.46675725503158 54.83373262075044 110.94799013687688 90.93837425778513 72.28063241927592 121.01615029025717 104.67553396022848 123.3900420882611 88.68790579874809 118.35006109643162 70.62953657516566 49.54934607241016 35.36483746111958 82.43515202210901 129.53613769669457 62.94269211228245 97.35191923786176 89.23853232394353
86.42337518107581 153.0283143073217 0.0 89.85962025744247 72.3971436101095 72.14198146832202 97.03165876627467 109.9117561000973 98.56636964471419 82.15610439706533 81.68471510599406 146.439256373008 124.16481471187058 116.64651007036946 120.62717680725935 149.08670234592668 114.04428994590056 132.4460731816951 92.79346767548371 69.9385229933564 87.93329355644434 155.1743077475532 100.91206989311996 39.01774967930035 129.46395922232608 98.49066059861887 98.59302594457822 92.42678170557241 90.44958881306127 65.52690665479062 89.75549597500058 99.97795180078158 115.57915984222367 102.58059604244418 147.2100437584843 91.42800441157655 82.90131293193485 114.87736759057005 115.35452314909901 137.92000431940505 109.61558732013584 127.88201889224405 70.94046162649403 88.28454457917532 98.56636964471419 94.68920776627961 49.975287359129695 107.78237455361796 107.61819142755606 48.77709764904809 86.9047198374418 103.24367204711288 103.34251591403383 93.19632267089104 96.0588041128252 100.33784937121025 117.35719295717158 117.29913291340779 108.44040380668403 93.38260718235878 74.1389826592001 108.22289409548088 103.17784645704299 54.432743462994154 113.12158486382643 124.55762381785958 90.65773351224762 158.7930687800416 94.29567832852152 116.09374104763187 58.69075376766671 73.78341458025182 104.78065409488734 48.77709764904809 70.62804448096668
65.5265734976452 109.77222459250761 89.85962025744247 0.0 131.02802508122983 139.4772940227875 83.26308835508273 94.03618498642744 117.66401702215828 144.03254279146518 88.95263252806028 113.7218439879147 132.76364232006 153.214142305884 125.98040981833284 110.34179055219009 121.73623434463276 65.5265734976452 175.25947679200948 130.75576692108342 117.40211320437022 114.805674229943 62.2640276006947 137.3684846387697 119.05063530596979 111.96686830463561 108.06447979694043 103.4681714031076 86.06607651181939 94.82284117791649 143.0777835402585 92.65546489720181 91.06793323338542 100.99879635614542 96.3762418173058 103.42886413422373 135.03334381015296 88.88109851180702 94.27777539709251 92.17546624063252 71.0396371837222 107.62162613288979 136.30694002493988 86.32322427806018 65.79026160077693 49.975287359129695 89.20405446359437 103.70884431648611 123.26266778180845 77.63173446660721 100.6365501224672 93.18144823252979 110.34179055219009 85.72677955236881 101.64269160776041 122.80263859708505 76.40653532643329 109.13820496458086 70.80529990821104 84.21630435840733 102.20067008452467 119.08663787190109 109.42816031585366 78.05658020899637 135.95351133428326 93.38260718235878 118.80445241548875 129.46395922232608 113.67588829252412 116.0137079402345 99.5609968164028 142.4799642492505 128.316177930593 140.79150147581342 103.04594213879106
107.78237455361796 93.86576236006562 72.3971436101095 131.02802508122983 0.0 93.80914279721432 107.95086619119446 108.36781324265108 105.66552670376845 106.02422812407332 66.00232339183981 99.15106157908015 128.50061746570202 112.3139571255072 125.78697712894811 92.02795247124374 62.94269211228245 139.3401209500729 84.67684981630981 127.27286439076609 117.77823774194344 75.7367314480374 65.52690665479062 107.40840081450901 121.903747075921 151.8059437167488 85.88341625237702 120.72544920702167 109.75110583486413 112.3139571255072 129.57201883332087 75.12203342745707 79.24327115218478 68.53063423318385 125.75737274567192 140.31605284680546 106.02422812407332 72.14198146832202 84.26150657337392 105.30429256700344 76.10831954271451 84.67684981630981 102.30496963712133 109.8703747309865 73.52752563825145 115.76798509953537 140.9341255893973 105.62212999679961 95.40900554046827 53.32985220340811 96.45630513151751 148.99843784125915 102.53076323649192 98.8047602986094 90.41681021593334 74.47600703505856 116.0137079402345 110.23522213505746 91.85664961762723 61.12561052609867 38.378609498071945 43.58550782368608 140.75988382518594 110.01473743295331 78.05658020899637 138.0698876042482 99.38306592119307 115.59949635038481 72.14198146832202 94.20830370769933 127.03076645921969 135.03334381015296 129.2250616260083 76.8320098733206 62.93562669070662
114.4175140219533 110.10814820366889 72.14198146832202 139.4772940227875 93.80914279721432 0.0 101.53453527860314 93.86576236006562 145.8547942448014 79.0985919864508 85.00879418290855 110.33005931152242 69.20799997552362 88.93494013087906 109.98358164942316 104.89310403115587 112.1968177920503 61.72941227652531 49.54934607241016 106.85500901053715 125.83549809888629 74.66878531379422 147.2100437584843 57.26496205554451 90.42202824140112 109.8703747309865 136.99684559388496 135.15875940645392 76.4509125616861 83.49498642916795 74.73472126678779 124.17920187194584 104.78663749296989 73.22016915429484 116.53104945865763 96.56621587608824 110.94799013687688 113.12158486382643 55.011060633728 105.51392886661269 110.19104102792504 140.79150147581342 77.4781775758545 129.46395922232608 94.88309516138536 88.28454457917532 138.49317615712218 147.84218134486017 86.25851832566114 83.36062831773913 127.18611738563149 110.55990027341396 103.4681714031076 119.94081537342099 110.8311144591512 108.06447979694043 73.78341458025182 76.37579526775359 140.79150147581342 110.07867091953881 90.9065469956076 74.2670935382154 94.980204436504 69.0045264521605 83.72276387252643 99.77370038079839 82.73226396780454 103.87535999830936 111.52327664779803 143.64399749397737 109.35291402487123 138.85565129823559 98.6992537966331 60.79197690627266 133.218248380083
91.2728081872384 148.99843784125915 97.03165876627467 83.26308835508273 107.95086619119446 101.53453527860314 0.0 137.92000431940505 62.2640276006947 100.50585039189102 107.9545231400036 134.1209890823581 109.80254985397917 100.57987536433808 100.21205636652152 175.25947679200948 58.69075376766671 125.13948938576216 108.6789489694354 118.2019199955329 109.51071686095734 73.4339606494936 107.95086619119446 140.79150147581342 109.57515506641181 119.30873027306109 38.378609498071945 95.40900554046827 117.7921464911169 82.68979164153501 94.980204436504 77.31794016871459 125.0199574483472 107.95086619119446 138.3577436611544 109.02313210017941 78.9933438116995 71.22263973125558 82.83903344439234 98.6992537966331 146.90092686838372 88.93494013087906 109.52753652878948 92.36257032382655 124.79231340397696 158.85925452253645 129.72452246595074 102.53076323649192 113.07948424161484 128.74023717827708 80.95179993976393 101.66776034929079 90.83691774793604 105.66552670376845 121.49837431183543 76.86129649785727 116.99629968104549 138.05881733151 160.46675725503158 112.12120012345467 94.72257499758084 87.63823499028726 155.24025076535884 121.91207732268697 125.74338034821756 116.432656444426 127.9199341719799 67.31721001673515 118.96441059130584 92.57852644805618 122.47048432325482 98.66842252212223 40.98386028603272 115.60229070218833 135.03334381015296
98.82046817157314 57.75224168131437 109.9117561000973 94.03618498642744 108.36781324265108 93.86576236006562 137.92000431940505 0.0 111.95282360464597 60.9222320954718 141.41364218444096 103.34251591403383 124.70900264483845 78.25881218438478 101.73665959825087 108.7233140229689 139.5276875414421 106.15523734031513 93.19632267089104 83.05105045738925 99.5609968164028 94.03618498642744 147.20189209472787 56.04546011308476 100.26622582003372 113.67588829252412 93.18144823252979 120.36841201295287 99.73591539409614 63.93881756425211 100.2445206390372 93.19632267089104 107.67574736236492 117.54441128208438 108.03926561962763 76.10831954271451 99.05914472347976 68.42873780836935 86.32322427806018 90.82261915204249 132.64951515707037 110.23522213505746 124.41713946293223 110.50995009437212 142.96615911517605 153.214142305884 178.99946330169558 86.42337518107581 109.42816031585366 85.50964014399798 116.63937343362367 99.12421924460355 103.70456953240246 42.26312419190793 153.68168989036286 73.47948869149273 161.7502071643995 112.3139571255072 99.12421924460355 130.52242075549074 94.71792638044892 112.05977774867186 119.7104787985227 104.97176420697306 107.5680161671936 114.4175140219533 105.26645123846406 80.95179993976393 67.25439743070372 102.3919359630408 51.66145986946487 76.3698696546295 73.34218168646505 98.6992537966331 64.58043835790514
110.34016955538442 86.9047198374418 98.56636964471419 117.66401702215828 105.66552670376845 145.8547942448014 62.2640276006947 111.95282360464597 0.0 147.4854553764594 123.01810974875256 69.08752155902755 116.09374104763187 114.57163220587363 92.28029510299544 109.13820496458086 108.31301748060552 73.52752563825145 147.2100437584843 128.74023717827708 62.18965922142438 122.92032858297333 69.2338231158022 103.71333058385666 106.24591793868802 93.01026300011473 148.71812351866728 65.39062584203117 86.32322427806018 116.67529852719936 68.27730535273848 100.82005248353222 96.76284342684855 119.09912942304739 93.81552271313205 86.55306474068783 93.68009644320863 67.37048952548037 125.98040981833284 145.80819495357306 85.40917210015203 72.87361404655181 121.65881074650773 113.7218439879147 115.31761366244274 131.88284992429746 136.1057583753931 106.05061169757992 86.08439555477798 110.8131927781416 67.25439743070372 116.28251168769424 85.40917210015203 121.97533833486213 153.0283143073217 103.70638274880919 110.07867091953881 144.03254279146518 80.69740453317523 110.37618387742472 64.58043835790514 76.07168282838556 66.77086523767991 158.85925452253645 88.95263252806028 140.70843926155572 99.5609968164028 97.47987513516335 122.2357718708732 66.6652460191529 133.1658328949394 106.21142862984483 107.42496039712123 91.85664961762723 98.8047602986094
85.1410952613978 138.3577436611544 82.15610439706533 144.03254279146518 106.02422812407332 79.0985919864508 100.50585039189102 60.9222320954718 147.4854553764594 0.0 66.0079375572734 127.23477269324272 103.70456953240246 134.481235874743 86.55306474068783 90.72939789072024 142.75434262008656 123.53130878317353 91.2728081872384 150.75509826965134 58.47962779933918 117.275252065195 162.33103106793394 123.73147083713471 107.9545231400036 92.21760116052002 153.58175049460198 56.04546011308476 64.26169802856626 140.31605284680546 104.60369106861134 96.81499589217508 93.31232503370396 122.2357718708732 138.2251227991294 94.20830370769933 85.72677955236881 115.70914065129207 78.71230198062405 61.72941227652531 64.57596707314084 139.0418458699346 94.82801991366098 130.88750114194562 135.68596705038448 91.68556129320997 122.15497018869486 65.80580157985398 65.54905439291656 117.35719295717158 95.98406596705973 162.33103106793394 65.19486593307671 139.5276875414421 103.18826914673525 106.44170654942214 116.85220348978729 88.55727699844655 52.935902851359565 89.08817830728063 58.504462354390704 91.2728081872384 104.97176420697306 117.04063500010422 92.28029510299544 127.7000752646331 94.34971593807701 90.83691774793604 119.69889871954285 117.7921464911169 124.0142716014395 129.79277117056384 104.08276985696938 106.68237603433171 85.70930812301566
71.22263973125558 87.25936550032525 81.68471510599406 88.95263252806028 66.00232339183981 85.00879418290855 107.9545231400036 141.41364218444096 123.01810974875256 66.0079375572734 0.0 74.66878531379422 104.07637138173256 79.56908351169452 108.18383364596981 53.07396462078148 91.85664961762723 65.69367939332193 91.23874429982754 110.8311144591512 112.05977774867186 95.29948769784473 104.10204415838591 145.8547942448014 109.07001585668723 153.0283143073217 122.75720038690568 110.87179928956492 96.0588041128252 85.1410952613978 105.33641841959196 135.95351133428326 100.2445206390372 158.16762123040803 103.43519538422876 110.87179928956492 105.99236914794355 97.3323854362227 68.37710511541738 67.35269694091784 88.95263252806028 108.88745028791963 60.79197690627266 69.69387380455242 83.3672202497575 134.1209890823581 117.29913291340779 138.3577436611544 144.61395777294632 117.54441128208438 54.849896105346986 109.75110583486413 82.78285959554773 121.43700090365625 142.7995765399349 80.81336991261952 94.66732224429964 91.42800441157655 78.12799605763921 140.86280224316644 110.03606954624824 99.6964168988948 91.44486291667485 116.2523338667574 107.84470114364827 69.52669451550683 73.78341458025182 103.70884431648611 79.38477347281146 51.08750968707593 59.14515800894619 82.65095821528843 121.65881074650773 67.25439743070372 110.8131927781416
96.3762418173058 107.67574736236492 146.439256373008 113.7218439879147 99.15106157908015 110.33005931152242 134.1209890823581 103.34251591403383 69.08752155902755 127.23477269324272 74.66878531379422 0.0 94.22574638548595 97.61536599831044 105.29982386578277 81.5245557550376 103.62184175785013 115.26528925203914 99.70110816844804 104.97176420697306 118.15174524125646 103.04594213879106 107.65270381716587 82.68979164153501 92.79346767548371 83.72276387252643 130.3598430847836 152.81759003619786 115.80813338200524 73.47948869149273 110.34016955538442 76.8320098733206 115.98193649207361 123.8902560179381 102.79873848945948 99.38306592119307 78.84730165211397 118.15174524125646 111.52327664779803 91.68768668848256 90.65773351224762 97.35191923786176 109.93878464984826 128.48151336522693 106.66211310246418 99.38422475114504 76.07168282838556 85.77774050829353 112.1968177920503 70.62804448096668 139.67164063994096 69.08752155902755 82.40841407210391 138.05881733151 144.61395777294632 98.89178093689385 95.68641119497661 124.62413392370685 63.840285669183636 72.14198146832202 87.57441409081494 120.72544920702167 114.37267190896122 121.2330202178025 106.05061169757992 78.20389869773692 109.57515506641181 94.20830370769933 106.32788896550557 103.43519538422876 73.85156321627196 81.81260794426402 73.47948869149273 94.8226816461616 100.25870397774116
131.3901336777967 122.80263859708505 124.16481471187058 132.76364232006 128.50061746570202 69.20799997552362 109.80254985397917 124.70900264483845 116.09374104763187 103.70456953240246 104.07637138173256 94.22574638548595 0.0 115.03404619659716 129.21894840186235 82.43515202210901 63.24748764540264 69.52669451550683 104.89831206467784 140.79150147581342 142.97255336466768 77.4781775758545 129.72452246595074 109.98358164942316 96.73991081099454 105.51878927149723 107.71518670929895 94.22574638548595 116.2523338667574 131.02802508122983 103.87535999830936 80.66987182153335 56.527260952481406 97.46832531147555 47.54875622026991 95.29948769784473 72.78487394235394 116.432656444426 91.68556129320997 85.0038520350112 138.3577436611544 102.79873848945948 114.87736759057005 105.26645123846406 88.05646554091268 98.69495221832175 86.08439555477798 104.60369106861134 113.7479004297723 96.56621587608824 120.05368015270076 57.38251625299101 105.90709256909724 110.50995009437212 110.34179055219009 118.83781957704504 69.2338231158022 82.44816008599936 120.55281132713858 94.4147625708936 104.23473444908737 132.37829498463637 115.67134362005423 93.23703400174388 92.92516578038973 134.481235874743 68.37710511541738 106.24591793868802 95.73461257372249 86.48753980746707 110.8311144591512 75.56491835750103 103.11488677023239 87.4364800571901 83.72436691971686
142.2349674202837 63.93881756425211 116.64651007036946 153.214142305884 112.3139571255072 88.93494013087906 100.57987536433808 78.25881218438478 114.57163220587363 134.481235874743 79.56908351169452 97.61536599831044 115.03404619659716 0.0 114.805674229943 93.47851569636713 78.84730165211397 103.11488677023239 88.93494013087906 61.38798719486381 122.12798625466773 86.0337597979882 101.53635394319016 98.0573610787969 117.40211320437022 107.65270381716587 105.9897242387769 103.24367204711288 124.59179937927686 129.21894840186235 143.23380323770675 88.84979152602388 78.20389869773692 96.98168101590488 68.91726291044529 88.24760302859205 111.15103073837193 75.56491835750103 109.42816031585366 97.9670274134314 125.98040981833284 122.75720038690568 78.71230198062405 94.980204436504 64.20650861642159 128.79099270660484 109.77222459250761 142.2349674202837 129.2250616260083 109.61558732013584 105.63188987733209 79.0985919864508 44.98692909130876 121.2330202178025 107.40012078419726 125.8667478823705 111.62395700694586 139.59679692178003 82.43515202210901 86.00472768534338 111.7954555794972 118.15174524125646 119.69889871954285 98.66842252212223 121.01615029025717 93.60005762879082 72.3971436101095 149.08670234592668 66.6652460191529 93.68009644320863 90.04736094711666 88.17116388799796 149.1449810613297 105.0152267631447 121.51843750324831
109.98358164942316 82.65095821528843 120.62717680725935 125.98040981833284 125.78697712894811 109.98358164942316 100.21205636652152 101.73665959825087 92.28029510299544 86.55306474068783 108.18383364596981 105.29982386578277 129.21894840186235 114.805674229943 0.0 78.74017313874968 164.23907563306113 146.33777117487426 106.28039078464369 84.25936226636591 141.41364218444096 76.76703863644696 136.97036895502544 146.74979066056983 115.70358914205649 100.48108278320981 109.13820496458086 110.01473743295331 124.55762381785958 98.02663799752722 69.52669451550683 139.76852541044178 99.47716067995464 173.10952034650657 102.20067008452467 64.57596707314084 74.16617935845098 108.32127396765652 158.7930687800416 110.8131927781416 90.3810327158072 110.87179928956492 116.60342502162487 128.70378396882955 126.45318620375355 115.15206289915174 109.57515506641181 98.91322407930689 135.45630158134293 78.64574172990872 128.74023717827708 138.2560548090226 115.87884681180634 81.8010595773211 103.17829824904801 68.57568948362488 120.43948155596387 84.07115048237026 107.40840081450901 135.46418015280938 130.182537394346 139.9915412877756 96.81499589217508 50.13608107558867 109.97764632835168 106.32788896550557 114.96160899406357 91.00303268054242 93.47851569636713 110.67419568257289 103.34251591403383 100.41960831482048 61.52834020827772 112.5081480370277 85.88341625237702
145.9766669709821 44.96209981101492 149.08670234592668 110.34179055219009 92.02795247124374 104.89310403115587 175.25947679200948 108.7233140229689 109.13820496458086 90.72939789072024 53.07396462078148 81.5245557550376 82.43515202210901 93.47851569636713 78.74017313874968 0.0 68.91726291044529 92.26339686336577 91.2728081872384 112.12120012345467 106.17195934072048 147.2100437584843 78.74246743762566 154.57453106256293 107.40840081450901 88.67814552977072 104.89831206467784 99.15106157908015 88.62732945002668 103.42886413422373 140.9341255893973 85.40917210015203 62.876588044206045 114.805674229943 99.53306889614855 102.72098179047384 88.24760302859205 72.04119608964362 99.97795180078158 107.40840081450901 60.9222320954718 121.01615029025717 82.43515202210901 93.60005762879082 129.57201883332087 103.70638274880919 104.07637138173256 125.78697712894811 102.32861014375993 115.98193649207361 109.13820496458086 129.5637078705594 156.5329373642285 160.46675725503158 116.09374104763187 161.7502071643995 101.32205889362918 114.7964701751993 92.50798931287201 112.41085858228678 86.9047198374418 84.62446767492433 151.8059437167488 138.0698876042482 117.84788129114371 156.5329373642285 86.2995265974824 158.60084459205046 107.61819142755606 120.55281132713858 131.99867258589606 113.85911957206575 103.76224515987671 86.03176453462595 99.58786379075799
111.62395700694586 92.67982852188182 114.04428994590056 121.73623434463276 62.94269211228245 112.1968177920503 58.69075376766671 139.5276875414421 108.31301748060552 142.75434262008656 91.85664961762723 103.62184175785013 63.24748764540264 78.84730165211397 164.23907563306113 68.91726291044529 0.0 151.36189074669193 106.85500901053715 73.10772560660926 116.60342502162487 119.94081537342099 68.03859122668185 113.0262069573874 77.09532815407027 113.93663397307667 140.86280224316644 62.2640276006947 97.15885394297383 99.5609968164028 88.93494013087906 108.56843582863597 70.80529990821104 100.99879635614542 104.63659737668604 116.28251168769424 78.20389869773692 109.19544603219357 82.93542819864236 84.26150657337392 93.18144823252979 68.42873780836935 86.26819596487866 134.80885762438982 98.56636964471419 89.40070284712087 87.4364800571901 49.54934607241016 109.97764632835168 107.22095536404268 117.84788129114371 83.25164264639217 98.02663799752722 66.44990143877806 115.45133552967022 98.49066059861887 98.05797208697467 94.27777539709251 84.25936226636591 86.00472768534338 107.22095536404268 121.91345683178537 96.46787938831068 124.62413392370685 120.72544920702167 103.18826914673525 110.33005931152242 117.84788129114371 60.314064189607045 106.76995659507536 73.78341458025182 124.17920187194584 106.76995659507536 100.41960831482048 80.11153918018582
111.73529341596644 86.48753980746707 132.4460731816951 65.5265734976452 139.3401209500729 61.72941227652531 125.13948938576216 106.15523734031513 73.52752563825145 123.53130878317353 65.69367939332193 115.26528925203914 69.52669451550683 103.11488677023239 146.33777117487426 92.26339686336577 151.36189074669193 0.0 98.51499884251359 103.03683516441427 96.24690502937963 137.19461361628646 79.7706910311285 62.12974322333735 94.66732224429964 92.79346767548371 92.494437577908 87.63823499028726 96.81499589217508 108.93995050969731 99.25955251151305 131.99867258589606 123.03160865227225 108.01697498810546 92.92516578038973 135.47791443038133 131.29413638663678 54.83373262075044 86.22727191796771 94.28410429906212 98.57146763243217 108.68199109640378 87.27182647015651 114.4175140219533 75.12203342745707 93.80914279721432 143.0777835402585 89.50080181098676 44.98692909130876 112.89389561742145 100.50585039189102 76.37579526775359 103.4681714031076 71.57775701795696 90.3810327158072 82.44816008599936 105.18663267242744 107.71518670929895 68.42873780836935 104.2156152375768 139.2628806641784 73.10772560660926 104.70967020261854 104.9328305575067 102.99221875767455 66.92721896009934 49.35822767287314 100.33784937121025 98.91239820485373 106.15523734031513 112.25247780787763 99.5609968164028 110.67419568257289 58.504462354390704 108.6789489694354
124.10043802595752 94.82801991366098 92.79346767548371 175.25947679200948 84.67684981630981 49.54934607241016 108.6789489694354 93.19632267089104 147.2100437584843 91.2728081872384 91.23874429982754 99.70110816844804 104.89831206467784 88.93494013087906 106.28039078464369 91.2728081872384 106.85500901053715 98.51499884251359 0.0 110.07867091953881 83.97108953920032 72.14198146832202 86.0337597979882 126.25750762927811 98.63553768723605 130.182537394346 67.67784177240281 98.0614299362509 130.182537394346 130.0516979358769 132.37829498463637 135.03334381015296 119.04344832929348 67.59399799021713 112.25247780787763 96.11962180793007 99.73591539409614 93.23703400174388 115.80813338200524 104.1502171358824 105.33641841959196 84.21630435840733 79.56908351169452 127.88201889224405 104.42733834007379 57.38251625299101 72.04119608964362 128.79099270660484 94.92190796111488 92.42678170557241 104.13040293855288 98.57146763243217 101.64269160776041 117.76344020295011 84.76488839906959 96.61932431077389 128.8005313923737 47.54875622026991 125.78697712894811 40.98386028603272 109.57512012546027 50.29893913407552 110.19104102792504 107.42496039712123 96.61932431077389 96.46787938831068 40.98386028603272 97.61536599831044 84.26150657337392 83.45464166624757 106.62930664571975 142.2349674202837 86.0337597979882 124.59179937927686 91.72430598837398
93.77065535556221 119.59445541926641 69.9385229933564 130.75576692108342 127.27286439076609 106.85500901053715 118.2019199955329 83.05105045738925 128.74023717827708 150.75509826965134 110.8311144591512 104.97176420697306 140.79150147581342 61.38798719486381 84.25936226636591 112.12120012345467 73.10772560660926 103.03683516441427 110.07867091953881 0.0 121.54033911236715 125.83549809888629 121.22167841220735 125.78697712894811 96.98168101590488 62.2640276006947 139.4772940227875 80.1926545081728 129.97735312163678 121.91345683178537 90.3810327158072 80.76064086637254 26.644930916218925 44.50147409134564 94.4147625708936 65.89013806229372 86.26819596487866 131.02802508122983 94.72257499758084 88.54823585329252 78.74246743762566 16.004933815377484 98.54089661449977 65.80580157985398 90.15157384008228 108.6789489694354 104.89831206467784 62.12974322333735 98.02663799752722 107.67574736236492 92.02795247124374 109.52753652878948 139.4772940227875 74.16617935845098 94.27777539709251 102.3919359630408 106.28039078464369 103.71651805406822 139.3401209500729 111.55311779163436 140.70843926155572 50.100631278617946 64.26169802856626 142.75434262008656 78.65584752210154 68.57568948362488 107.67574736236492 124.10043802595752 129.4636670142348 109.54840425370327 100.98559646530542 86.25851832566114 91.3723984534497 91.00303268054242 100.86638038241124
104.13040293855288 104.2156152375768 87.93329355644434 117.40211320437022 117.77823774194344 125.83549809888629 109.51071686095734 99.5609968164028 62.18965922142438 58.47962779933918 112.05977774867186 118.15174524125646 142.97255336466768 122.12798625466773 141.41364218444096 106.17195934072048 116.60342502162487 96.24690502937963 83.97108953920032 121.54033911236715 0.0 74.87265264548614 109.57512012546027 125.8667478823705 61.72941227652531 81.26933908271076 115.91424857222202 107.91373401074453 104.9328305575067 78.74246743762566 71.95330189048813 35.36483746111958 126.9707708797708 124.17920187194584 74.12467381280305 118.96441059130584 105.51878927149723 105.51392886661269 122.374045955272 73.10772560660926 104.1502171358824 107.40012078419726 93.68852492634318 124.41713946293223 107.40840081450901 96.46787938831068 145.80819495357306 107.71518670929895 53.07396462078148 82.73226396780454 122.22877797759841 94.34971593807701 152.81759003619786 102.30496963712133 68.31359712573072 158.30987234536215 145.8547942448014 46.776884433016875 104.63659737668604 131.88284992429746 113.85911957206575 122.97898409594251 92.02795247124374 135.47791443038133 107.84470114364827 72.5368182467521 68.03859122668185 124.59179937927686 127.77931059247972 82.40841407210391 49.35822767287314 125.3822886593847 82.65095821528843 138.2251227991294 100.93400351973484
109.51071686095734 99.6964168988948 155.1743077475532 114.805674229943 75.7367314480374 74.66878531379422 73.4339606494936 94.03618498642744 122.92032858297333 117.275252065195 95.29948769784473 103.04594213879106 77.4781775758545 86.0337597979882 76.76703863644696 147.2100437584843 119.94081537342099 137.19461361628646 72.14198146832202 125.83549809888629 74.87265264548614 0.0 101.73665959825087 114.47821992131675 92.21760116052002 115.93045734410867 112.89389561742145 122.12798625466773 131.59875251059918 92.02795247124374 145.35152150575016 130.92167820547883 68.42873780836935 134.80885762438982 120.36841201295287 108.78077820742352 132.80982911792 115.00318253863313 120.62717680725935 110.8131927781416 111.95282360464597 72.21873400492193 149.7815144388994 121.24313872149204 119.42874070053506 80.6332789966996 110.8131927781416 94.20830370769933 119.59445541926641 49.54934607241016 72.21873400492193 94.82284117791649 65.89013806229372 70.62953657516566 100.93400351973484 109.60554559086265 149.1449810613297 86.32322427806018 111.35580858259105 72.3971436101095 80.11153918018582 81.8010595773211 70.62804448096668 73.22016915429484 86.22727191796771 135.68596705038448 111.49413940967767 132.3834329217661 88.05646554091268 94.27777539709251 96.98168101590488 86.26819596487866 115.66943664947908 101.66776034929079 72.28063241927592
108.88745028791963 87.93329355644434 100.91206989311996 62.2640276006947 65.52690665479062 147.2100437584843 107.95086619119446 147.20189209472787 69.2338231158022 162.33103106793394 104.10204415838591 107.65270381716587 129.72452246595074 101.53635394319016 136.97036895502544 78.74246743762566 68.03859122668185 79.7706910311285 86.0337597979882 121.22167841220735 109.57512012546027 101.73665959825087 0.0 88.93494013087906 100.98559646530542 119.42874070053506 64.36063109825267 135.46418015280938 139.67164063994096 62.03593214391835 129.72452246595074 84.6126928690259 100.8268073459704 145.35152150575016 81.21899410454328 86.2995265974824 127.5413534482113 113.71601524206334 105.46523732499054 61.72941227652531 114.04428994590056 95.68641119497661 113.71601524206334 82.83903344439234 66.0079375572734 137.3684846387697 131.26756554427988 170.2422507624164 70.62953657516566 84.0276379046787 94.34971593807701 67.44379969938333 68.03859122668185 152.81759003619786 76.36617020944188 146.1910095707379 147.2100437584843 104.08276985696938 158.16762123040803 83.26308835508273 140.31605284680546 65.79026160077693 118.35006109643162 90.31831173198181 127.88201889224405 121.01615029025717 106.55758086442827 99.58786379075799 107.62162613288979 87.57441409081494 76.25809513048529 61.70725494282785 76.3698696546295 98.0614299362509 66.77086523767991
116.64651007036946 144.03254279146518 39.01774967930035 137.3684846387697 107.40840081450901 57.26496205554451 140.79150147581342 56.04546011308476 103.71333058385666 123.73147083713471 145.8547942448014 82.68979164153501 109.98358164942316 98.0573610787969 146.74979066056983 154.57453106256293 113.0262069573874 62.12974322333735 126.25750762927811 125.78697712894811 125.8667478823705 114.47821992131675 88.93494013087906 0.0 109.76688663234322 115.60229070218833 88.88109851180702 144.33841303838835 113.67588829252412 105.18663267242744 132.80982911792 53.32985220340811 78.85778910289157 84.1246647889406 111.96686830463561 140.31605284680546 65.54905439291656 152.81759003619786 97.15885394297383 119.05063530596979 116.64651007036946 100.82005248353222 99.5609968164028 92.86094783248384 125.3822886593847 105.90709256909724 83.26308835508273 74.2670935382154 81.10312332565815 104.83516186416938 80.95179993976393 140.70843926155572 116.60342502162487 149.1449810613297 144.34500407140388 86.06607651181939 119.94081537342099 109.331848138393 92.02795247124374 101.73665959825087 102.32847972374988 103.27931939593111 126.64411741704052 77.9433305753515 123.26266778180845 88.05646554091268 162.33103106793394 101.53635394319016 106.55758086442827 108.93995050969731 90.41681021593334 88.05947598461633 139.0418458699346 121.24313872149204 105.62212999679961
112.46374710775044 121.09128591119507 129.46395922232608 119.05063530596979 121.903747075921 90.42202824140112 109.57515506641181 100.26622582003372 106.24591793868802 107.9545231400036 109.07001585668723 92.79346767548371 96.73991081099454 117.40211320437022 115.70358914205649 107.40840081450901 77.09532815407027 94.66732224429964 98.63553768723605 96.98168101590488 61.72941227652531 92.21760116052002 100.98559646530542 109.76688663234322 0.0 65.80580157985398 89.85962025744247 74.64550263070117 97.03165876627467 109.97764632835168 98.02663799752722 129.97735312163678 108.7233140229689 134.1209890823581 127.23477269324272 73.56759039845328 57.75224168131437 123.8902560179381 110.87179928956492 85.34432748623448 128.8005313923737 142.97255336466768 113.71601524206334 103.43519538422876 116.76540309842439 78.25881218438478 130.75576692108342 132.76364232006 104.19264100957041 113.16850537011985 62.7082621350111 109.19544603219357 105.0152267631447 87.99987205308832 86.46140175614521 129.72452246595074 94.88309516138536 113.1764849779666 135.03334381015296 111.95282360464597 103.50194479473058 170.2422507624164 154.57453106256293 128.48151336522693 101.03077031610307 98.91322407930689 110.10814820366889 104.07637138173256 111.61530300496449 79.054105392695 89.40070284712087 98.05797208697467 119.08663787190109 86.46140175614521 151.8059437167488
64.27262747644347 110.90522741029767 98.49066059861887 111.96686830463561 151.8059437167488 109.8703747309865 119.30873027306109 113.67588829252412 93.01026300011473 92.21760116052002 153.0283143073217 83.72276387252643 105.51878927149723 107.65270381716587 100.48108278320981 88.67814552977072 113.93663397307667 92.79346767548371 130.182537394346 62.2640276006947 81.26933908271076 115.93045734410867 119.42874070053506 115.60229070218833 65.80580157985398 0.0 128.50061746570202 155.1213958953432 97.70927638350267 80.1926545081728 100.41960831482048 127.01557500229387 66.92721896009934 104.9328305575067 73.56759039845328 132.08827188258383 78.05658020899637 125.0199574483472 129.47373383977072 114.57163220587363 119.30722228155464 88.24760302859205 88.62732945002668 92.67982852188182 122.17023784286195 98.54089661449977 139.76852541044178 98.6992537966331 93.68009644320863 97.15885394297383 113.0262069573874 118.35006109643162 125.13948938576216 50.100631278617946 83.99634207921827 67.35269694091784 64.27262747644347 102.27626298739958 132.36464608781503 111.62395700694586 98.65645700519602 62.2640276006947 81.5245557550376 113.8164161004169 127.77931059247972 107.65270381716587 75.3022890177885 81.60808674418146 112.3139571255072 106.62930664571975 60.70402264634194 107.84470114364827 54.90054438182853 109.61558732013584 121.61073978733054
100.86638038241124 63.93881756425211 98.59302594457822 108.06447979694043 85.88341625237702 136.99684559388496 38.378609498071945 93.18144823252979 148.71812351866728 153.58175049460198 122.75720038690568 130.3598430847836 107.71518670929895 105.9897242387769 109.13820496458086 104.89831206467784 140.86280224316644 92.494437577908 67.67784177240281 139.4772940227875 115.91424857222202 112.89389561742145 64.36063109825267 88.88109851180702 89.85962025744247 128.50061746570202 0.0 105.42592446379915 98.48001132639067 161.7502071643995 65.39062584203117 63.840285669183636 80.48243002780882 113.0262069573874 63.96914055303469 119.94081537342099 103.37401171825942 58.254127519636924 65.39062584203117 108.7233140229689 93.73704358133021 46.776884433016875 135.95351133428326 153.0283143073217 102.79873848945948 115.70914065129207 77.63173446660721 116.0137079402345 82.15610439706533 121.22167841220735 142.75434262008656 97.05252573980702 110.90764947868323 65.5265734976452 109.51829479553808 62.2640276006947 129.7315073180144 127.79931927295897 73.10772560660926 107.95086619119446 108.01697498810546 109.76370453690568 81.92566521325935 96.46787938831068 73.34218168646505 100.26622582003372 113.16850537011985 75.80584567758115 143.64399749397737 94.92190796111488 125.3822886593847 130.75576692108342 85.0038520350112 139.44855084579075 131.32648579197024
84.64773422067863 117.65327520806616 92.42678170557241 103.4681714031076 120.72544920702167 135.15875940645392 95.40900554046827 120.36841201295287 65.39062584203117 56.04546011308476 110.87179928956492 152.81759003619786 94.22574638548595 103.24367204711288 110.01473743295331 99.15106157908015 62.2640276006947 87.63823499028726 98.0614299362509 80.1926545081728 107.91373401074453 122.12798625466773 135.46418015280938 144.33841303838835 74.64550263070117 155.1213958953432 105.42592446379915 0.0 102.27626298739958 98.19082916694562 46.776884433016875 111.96686830463561 108.16373505443063 102.97170204887604 94.72257499758084 81.21899410454328 121.903747075921 94.20958398931627 59.14515800894619 101.66776034929079 130.0516979358769 81.68471510599406 110.93583068438548 85.1410952613978 97.3323854362227 92.96913288638848 103.62184175785013 84.51566228845134 100.91206989311996 130.3598430847836 76.80800026109131 65.52690665479062 107.81578760137543 134.481235874743 118.96441059130584 49.35822767287314 79.7395570997356 86.2995265974824 134.98282880253075 134.98282880253075 100.8268073459704 134.20421771437276 92.98543296972454 107.5680161671936 106.03884415122572 93.80914279721432 63.96914055303469 76.10831954271451 106.29346809740413 92.38823799163671 67.87266984229569 154.57453106256293 83.38470942825762 138.0698876042482 72.78487394235394
119.04344832929348 101.40820009350061 90.44958881306127 86.06607651181939 109.75110583486413 76.4509125616861 117.7921464911169 99.73591539409614 86.32322427806018 64.26169802856626 96.0588041128252 115.80813338200524 116.2523338667574 124.59179937927686 124.55762381785958 88.62732945002668 97.15885394297383 96.81499589217508 130.182537394346 129.97735312163678 104.9328305575067 131.59875251059918 139.67164063994096 113.67588829252412 97.03165876627467 97.70927638350267 98.48001132639067 102.27626298739958 0.0 64.36063109825267 68.69882729983816 88.54823585329252 158.7930687800416 42.26312419190793 170.2422507624164 61.38798719486381 98.54089661449977 74.12467381280305 110.8311144591512 56.28111280466646 103.17784645704299 118.10866836677454 98.66842252212223 140.75988382518594 129.2250616260083 97.39387673599879 72.21873400492193 118.96441059130584 153.18952372272605 63.0519259960243 63.96914055303469 77.80246576914861 117.66401702215828 90.15157384008228 80.6332789966996 95.68641119497661 64.56837413174208 101.34510984578253 122.374045955272 99.15106157908015 67.51316839361907 73.78341458025182 123.8902560179381 64.27262747644347 143.23380323770675 127.5413534482113 57.75224168131437 131.26756554427988 88.54823585329252 109.57512012546027 92.5164465423826 82.36905509951463 118.29505269022025 124.85784653941104 104.19264100957041
